FoamFile
{
    version 2.0;
    format ascii;
    arch "LSB;label=32;scalar=64";
    class labelList;
    location "constant/polyMesh";
    object neighbour;
}

7237
(
1
2
3
5
6
5
7
23
24
4
16
17
9
18
20
6
7
8
16
8
27
49
51
70
71
10
43
44
11
12
14
44
46
47
48
13
14
15
15
57
58
19
17
49
50
18
53
54
20
21
58
59
60
61
22
43
22
54
56
97
98
45
99
101
24
25
26
27
26
29
73
75
77
79
70
72
73
74
30
67
68
76
80
31
77
81
32
63
84
86
33
80
82
34
89
90
37
93
94
40
102
103
104
106
38
39
95
96
108
110
38
109
110
41
40
41
105
106
42
42
44
45
46
46
111
112
115
116
48
116
118
120
121
57
122
123
50
51
52
53
52
193
194
55
197
198
54
55
56
56
202
203
206
207
58
126
127
59
127
129
131
132
61
132
134
136
137
62
100
137
139
64
140
142
65
144
146
66
67
68
146
147
149
150
68
69
76
150
151
152
153
71
72
155
156
193
195
155
157
163
164
74
75
159
160
163
165
88
159
161
78
80
79
81
82
153
154
171
173
83
88
82
83
84
89
85
181
183
85
86
87
186
188
87
140
141
190
192
176
179
181
182
90
173
174
93
178
180
92
93
167
168
177
180
94
107
169
170
94
109
96
217
219
220
221
105
224
225
98
207
209
227
228
99
231
233
101
240
241
103
237
239
111
244
245
103
232
235
238
239
106
234
235
249
251
106
250
251
108
109
214
215
110
218
219
110
112
113
114
115
114
245
247
253
254
117
255
256
116
117
118
118
259
260
119
120
260
262
263
264
121
265
266
122
269
270
123
124
125
126
125
270
272
274
275
128
276
277
127
128
129
129
280
281
130
131
281
283
285
286
132
133
134
134
286
287
288
289
135
136
289
291
293
294
137
138
139
139
236
294
296
237
141
142
143
297
298
143
144
145
300
302
145
146
147
304
306
147
148
149
306
307
309
310
150
311
313
151
313
314
315
316
153
316
317
319
321
154
321
322
324
326
156
157
158
201
158
166
345
346
347
407
160
161
162
355
358
162
176
364
365
374
375
164
165
166
341
342
341
343
355
356
345
350
351
352
168
338
340
357
359
169
362
363
170
368
369
214
372
373
172
173
326
327
174
175
330
331
174
178
177
178
335
336
179
374
376
180
339
340
180
185
378
379
182
183
184
185
184
186
187
382
384
380
381
382
383
187
188
189
387
389
189
190
191
391
393
191
192
394
398
399
402
297
398
400
194
195
196
197
196
201
199
404
405
198
199
200
202
200
410
411
204
412
413
404
406
407
408
203
204
205
206
205
414
415
208
418
419
207
208
209
209
423
424
210
227
424
426
431
433
217
220
442
443
445
447
213
214
371
373
436
437
215
216
440
441
215
218
217
218
446
447
219
219
221
450
451
224
454
455
223
224
428
429
453
455
225
248
434
435
225
250
232
238
459
460
462
464
228
470
472
231
475
476
234
249
467
468
471
474
232
234
463
464
466
468
233
479
480
235
240
483
484
235
237
238
458
460
239
239
241
242
243
244
243
484
486
488
489
246
490
491
245
246
247
247
494
495
252
249
250
473
474
251
251
253
495
497
499
500
254
501
502
255
504
505
256
257
258
259
258
505
507
508
509
261
510
511
260
261
262
262
513
514
517
518
264
518
520
522
523
265
525
526
266
267
268
269
268
526
528
529
530
271
531
532
270
271
272
272
534
535
273
274
535
537
539
540
275
541
542
276
545
546
277
278
279
280
279
546
548
550
551
282
552
553
281
282
283
283
556
557
284
285
557
559
561
562
286
563
564
287
564
566
567
568
289
290
568
570
291
291
571
572
573
574
292
293
574
575
576
577
294
295
296
296
457
577
578
458
298
579
581
299
300
301
581
582
584
585
301
302
303
589
590
303
304
305
592
594
305
306
307
596
598
307
308
309
598
599
601
602
310
603
604
311
605
607
312
313
314
607
608
609
610
314
611
613
316
613
614
616
618
317
318
618
619
319
621
622
623
624
320
321
322
624
625
628
630
322
323
324
630
631
632
633
325
326
327
328
633
634
327
330
329
330
635
636
331
333
637
638
331
335
338
357
648
649
651
653
334
335
641
642
336
337
645
646
336
339
338
339
652
653
340
340
342
343
344
351
344
361
353
702
704
346
350
349
655
656
349
407
409
349
901
904
905
896
902
655
657
672
673
352
353
664
666
672
674
664
668
729
730
371
436
682
684
687
690
356
358
360
361
359
691
692
360
364
362
695
696
714
717
723
724
702
706
714
716
363
699
700
368
705
707
365
723
725
727
728
762
763
367
368
661
662
703
707
369
370
667
669
369
372
371
372
688
690
373
373
375
376
377
762
764
377
378
739
740
766
767
379
739
741
380
743
744
381
746
747
386
749
751
383
384
385
386
385
387
388
756
758
753
755
756
757
388
389
390
768
772
390
391
392
774
776
392
393
395
778
781
394
395
397
402
397
783
785
397
787
793
785
786
792
399
400
401
403
401
579
580
798
800
403
786
788
794
796
798
799
405
406
410
804
805
804
809
811
812
408
409
811
813
822
825
896
898
411
829
830
412
831
832
413
835
836
414
839
840
415
416
417
418
417
840
842
844
845
420
846
847
419
420
421
423
421
853
854
425
858
859
428
453
860
862
865
867
424
425
426
426
876
878
427
431
878
882
888
889
429
879
881
434
885
886
432
434
869
870
884
886
433
890
891
435
469
873
874
470
892
893
435
473
437
916
917
440
920
921
439
440
910
911
919
921
441
444
913
914
441
446
443
928
930
932
933
450
936
937
445
446
925
926
447
929
930
447
449
450
848
849
935
937
451
452
851
852
451
454
453
454
866
867
455
455
459
462
945
946
947
949
458
459
944
946
460
460
462
463
938
939
948
949
464
464
941
943
467
471
951
952
954
956
468
942
943
958
960
468
959
960
471
473
955
956
472
961
962
474
475
965
966
474
476
477
478
479
478
966
968
970
971
481
972
973
480
481
482
483
482
974
975
485
978
979
484
485
486
486
984
985
487
488
985
987
989
990
489
991
992
490
995
996
491
492
493
494
493
996
998
1000
1001
496
1002
1003
495
496
497
497
1005
1006
498
499
1006
1008
1009
1010
500
1011
1012
501
1014
1015
502
1018
1019
503
504
506
1019
1021
1023
1024
505
506
507
507
1025
1026
1029
1030
509
1030
1032
1034
1035
510
1036
1037
511
1039
1040
512
513
515
1040
1042
1043
1044
514
515
516
517
516
1045
1046
519
1048
1049
518
519
520
520
1052
1053
521
522
1053
1055
1057
1060
523
1061
1062
524
525
527
1062
1064
1065
1066
526
527
528
528
1067
1068
1070
1071
530
1071
1073
1074
1075
531
1076
1077
532
1080
1081
533
534
536
1081
1083
1085
1086
535
536
537
537
1087
1088
538
539
1088
1090
1091
1092
540
1093
1094
541
1096
1097
542
543
544
545
544
1097
1099
1100
1101
547
1102
1103
546
547
548
548
1106
1107
549
550
1107
1109
1111
1112
551
1113
1114
552
1117
1118
553
554
555
556
555
1118
1120
1122
1123
558
1124
1125
557
558
559
559
1128
1129
560
561
1129
1131
1133
1134
562
1135
1136
563
1139
1140
564
565
566
566
1140
1142
1144
1145
1147
1148
568
569
1148
1151
570
570
1153
1155
1158
1160
571
572
1160
1162
1164
1168
1171
1172
574
1172
1174
1179
1180
575
1180
1185
1187
1189
577
1187
1192
1199
1200
578
944
1200
1202
580
581
582
1203
1205
582
583
584
1205
1206
1209
1211
585
1213
1217
587
589
587
1218
1219
588
1217
1220
1222
589
591
1222
1223
590
591
592
593
1224
1226
593
594
595
1229
1231
595
596
597
1233
1235
597
598
599
1239
1241
599
600
601
1241
1242
1245
1247
602
1249
1250
603
1252
1254
604
1255
1257
605
1258
1260
606
607
608
1260
1261
1262
1263
608
1264
1266
610
1266
1267
1268
1269
611
1270
1272
612
613
614
1272
1273
1275
1278
614
615
616
1278
1280
1284
1289
617
618
619
620
1289
1290
619
621
621
1293
1298
1302
1306
622
1304
1306
1314
1315
624
1315
1316
1318
1323
625
627
1322
1323
627
1328
1329
1331
628
1326
1332
629
630
631
1332
1334
1339
1343
631
1345
1350
633
1350
1351
1356
1358
634
635
1358
1359
636
1365
1366
637
1369
1370
638
1373
1374
641
1376
1377
640
641
1375
1377
1378
1379
642
643
1380
1381
642
645
644
645
1384
1385
646
650
1388
1389
646
652
648
651
1392
1393
1394
1396
649
1397
1398
691
1401
1402
651
652
1395
1396
653
653
661
703
1421
1422
1423
1425
656
657
659
660
902
658
681
659
681
2631
906
2632
662
1435
1436
667
1438
1439
665
667
1428
1429
1437
1439
666
668
669
685
1430
1432
670
671
686
669
671
736
688
689
3151
736
3151
673
674
678
681
679
686
682
687
1440
1441
1442
1445
677
2631
2895
678
683
679
680
686
2895
683
2631
684
1446
1448
2631
916
1451
1452
687
688
1444
1445
689
2895
690
690
2895
3151
692
1455
1456
695
1458
1459
694
695
1405
1406
1457
1459
696
697
1407
1408
696
699
698
699
1411
1412
700
701
1417
1418
700
705
703
705
1424
1425
704
706
707
708
729
707
708
719
711
710
721
734
711
1893
712
720
1893
714
717
2125
716
2125
716
718
2125
719
724
2125
722
2125
720
722
1893
1893
738
1893
1893
2125
724
725
726
2124
2125
726
727
727
2124
728
2124
763
2123
2124
730
734
732
732
736
737
1653
733
735
1653
735
738
1653
1653
737
3151
1653
3151
1653
1893
740
741
742
767
2121
2122
742
743
743
2121
745
2121
745
746
2121
2121
747
748
2121
748
749
750
1887
2121
750
751
1887
1887
754
1887
753
755
1887
754
1887
760
1645
1887
757
758
759
760
759
768
761
769
1645
761
1645
1645
763
764
765
2123
765
766
766
2123
767
2122
2123
2122
769
772
771
771
773
1645
1645
773
774
775
1645
3141
775
776
777
3141
777
780
780
3141
779
781
782
780
3141
3141
782
783
783
2883
3141
784
2883
785
2883
2883
787
788
789
793
2617
789
794
790
791
2617
795
2617
793
2883
2617
2883
795
796
797
2347
2617
797
802
2347
2347
799
800
801
802
801
1203
803
1204
2347
803
2347
2347
807
809
806
829
807
2126
808
810
2126
810
818
819
2126
812
813
814
818
814
822
816
816
823
1894
817
820
1894
819
820
821
2126
821
1894
1894
2126
823
824
828
1894
826
828
827
909
827
1654
1654
1654
1894
830
2126
2127
831
833
2127
2128
832
833
834
835
834
2128
837
2128
2129
836
837
838
839
838
2129
2130
841
2130
2131
840
841
842
842
843
2131
843
844
2131
2132
845
2132
2133
846
2133
2134
847
2134
853
855
2134
2135
849
1463
1469
1475
1476
851
1479
1480
852
864
1473
1474
1481
1483
852
1482
1483
866
854
855
857
858
857
2135
2136
860
865
1484
1485
1486
1489
861
2136
2137
859
861
863
876
862
1490
1492
863
2137
879
1494
1495
880
2137
2138
865
866
1488
1489
867
867
869
884
1504
1505
1506
1508
870
1519
1520
873
1522
1523
872
873
1511
1512
1521
1523
874
953
1515
1516
874
955
877
879
1470
1495
1496
1497
878
880
881
883
1500
1501
882
881
882
887
2138
2139
885
887
884
885
1507
1508
886
886
888
2139
2140
889
2140
890
2140
2141
891
2141
2142
892
894
2142
2143
893
894
895
961
895
2143
963
2143
2144
898
898
901
3152
900
900
909
3152
3152
908
3152
903
906
904
907
2896
908
2896
907
2632
2632
2896
2896
3152
1654
3152
911
1534
1536
1540
1541
913
1542
1544
914
923
1537
1538
1539
1547
914
1546
1547
925
917
918
1526
1527
1548
1550
917
1549
1550
920
919
920
1532
1533
921
1535
1536
921
928
932
1560
1561
1564
1566
924
925
1551
1553
926
927
1556
1557
926
929
928
929
1565
1566
930
930
933
934
1460
1461
1462
1569
933
1568
1569
936
935
936
1464
1466
937
1468
1469
937
939
1577
1578
1586
1589
941
1591
1594
941
942
1592
1594
1596
1598
943
943
1602
1606
946
1623
1625
946
1618
1621
1624
1625
949
1614
1618
1619
1630
949
1573
1578
1629
1630
951
954
1633
1634
1635
1637
952
1640
1641
959
1643
1644
954
955
1636
1637
956
956
958
959
1599
1600
1642
1644
960
1602
1603
960
962
963
964
965
964
2144
2145
967
2145
2146
966
967
968
968
969
2146
969
970
2146
2147
971
2147
2148
972
2148
2149
973
2149
974
976
2149
2150
975
976
977
978
977
2150
2151
980
2151
2152
979
980
981
984
983
2152
982
986
983
2153
2152
985
986
987
987
988
2153
2154
988
989
2154
990
2154
2155
991
993
2155
2156
992
993
994
995
994
2156
2157
997
2157
996
997
998
998
999
2157
2158
999
1000
2158
2159
1001
2159
2160
1002
2160
1003
1004
2160
2161
1004
1005
1007
2161
2162
1006
1007
1008
1008
2162
2163
1009
2163
1010
2163
2164
1011
2164
2165
1012
1013
2165
2166
1013
1014
1016
2166
1015
1016
1017
1018
1017
2166
2167
1020
2167
2168
1019
1020
1021
1021
1022
2168
2169
1022
1023
2169
1024
2169
2170
1025
1027
2170
2171
1026
1027
1028
1029
1028
2171
2172
1031
2172
1030
1031
1032
1032
1033
2172
2173
1033
1034
2173
2174
1035
2174
2175
1036
2175
1037
1038
2175
2176
1038
1039
1041
2176
2177
1040
1041
1042
1042
2177
2178
1043
2178
1044
2178
2179
1045
2179
2180
1046
1047
2180
2181
1047
1048
1050
2181
1049
1050
1051
1052
1051
2181
2182
1054
2182
2183
1053
1054
1055
1055
1056
2183
2184
1056
1059
2184
1058
1060
1059
2185
2184
1061
1063
2185
2186
1062
1063
1064
1064
2186
2187
1065
2187
2188
1066
2188
2189
1067
2189
2190
1068
1069
2190
2191
1069
1070
1072
2191
2192
1071
1072
1073
1073
2192
2193
1074
2193
1075
2193
2194
1076
1078
2194
2195
1077
1078
1079
1080
1079
2195
2196
1082
2196
2197
1081
1082
1083
1083
1084
2197
2198
1084
1085
2198
2199
1086
2199
2200
1087
1089
2200
2201
1088
1089
1090
1090
2201
2202
1091
2202
2203
1092
2203
2204
1093
2204
2205
1094
1095
2205
2206
1095
1096
1098
2206
2207
1097
1098
1099
1099
2207
2208
1100
2208
1101
2208
2209
1102
1104
2209
2210
1103
1104
1105
1106
1105
2210
2211
1108
2211
2212
1107
1108
1109
1109
1110
2212
2213
1110
1111
2213
2214
1112
2214
2215
1113
1115
2215
2216
1114
1115
1116
1117
1116
2216
2217
1119
2217
2218
1118
1119
1120
1120
1121
2218
2219
1121
1122
2219
2220
1123
2220
2221
1124
1126
2221
2222
1125
1126
1127
1128
1127
2222
2223
1130
2223
2224
1129
1130
1131
1131
1132
2224
2225
1132
1133
2225
1134
2225
2226
1135
1137
2226
2227
1136
1137
1138
1139
1138
2227
2228
1141
2228
2229
1140
1141
1142
1142
1143
2229
2230
1143
1144
2230
2231
1145
2231
2232
1146
1147
2232
2233
1147
1149
2233
1148
1151
1150
2233
1151
1152
1153
1153
1154
2233
1155
1155
1156
2233
1157
1157
2003
2233
1158
2003
1159
1160
2003
1161
2003
1162
1162
1163
2003
1164
1164
1165
2003
1166
1166
1765
2003
1167
1169
1765
1169
1170
1765
1171
1173
1765
3265
1172
1173
1174
1177
3265
1176
1176
1178
3265
1177
3265
1179
1182
3011
3265
1180
1182
1185
1183
1185
1186
1183
3011
3011
1185
1186
1188
1189
2749
2749
3011
1188
1192
1189
1191
2749
1191
1192
1193
2749
1194
1194
2481
2749
1195
1197
2481
1197
1198
1199
2481
1201
2481
1200
1201
1202
1202
1623
1204
1205
1206
1207
2616
1206
1208
1208
2616
1209
2616
1210
1211
2616
1212
2616
1212
1213
1216
2616
2882
1214
1217
1215
1218
1216
2882
2882
1218
1219
2882
1220
2882
3140
3140
1222
1223
3140
3140
1224
1225
3140
1225
1226
1226
3140
3390
1227
1228
3390
1229
1230
3390
1230
1231
1232
3390
1232
1233
1234
3390
1234
1235
1237
1886
3390
1236
1239
1238
1240
1238
1886
1886
1240
1241
1242
1243
1886
1242
1244
1244
1886
1245
1886
1246
1886
2120
1247
2120
1248
1249
2120
1250
2120
1251
1252
2120
1253
2120
1253
1254
1254
2120
2346
1255
2346
1256
2346
1257
2346
1258
1259
2346
1259
1260
1261
2346
1261
1262
2345
2346
1263
2345
1264
1265
2344
2345
1265
1266
1267
2344
1267
1268
2344
1269
2343
2344
1270
1271
2343
1271
1272
1273
2343
1273
1275
2342
2343
1276
1281
2114
2342
1277
2342
1279
2342
1278
2342
1280
2342
1280
2342
1281
1283
1284
2114
1288
1291
2114
1286
2114
1286
1289
1287
1288
1290
1292
1287
2114
2114
1290
1298
1292
1878
2114
1297
1298
1878
1295
1298
1295
1299
1300
1878
1296
1297
1878
1878
1300
1878
3380
1302
1305
3380
1303
1307
3128
3380
1305
1306
1304
3380
1305
1306
1307
3380
1312
1314
3128
1309
2868
3128
1310
1313
1311
1316
1312
1314
3128
1317
2868
1315
1316
1317
1318
1319
2868
1319
1323
1320
1322
2868
1322
1324
2867
1323
1326
1325
1326
2867
1327
2867
3127
1327
1328
3127
1330
3127
1331
3127
3379
1333
3379
1334
1334
3379
1336
1336
1337
3379
3379
1339
1877
3379
1340
1342
1343
1341
1341
1877
1877
1344
1877
2113
1344
1345
1347
2113
1346
1350
1348
1351
1348
2113
1349
1352
2113
1351
1354
1353
1354
2113
1355
2113
2341
1355
1356
1357
2341
1357
1358
1362
2341
1361
1360
1366
1361
2341
1362
2341
1364
1372
1375
1376
2336
1375
1378
2335
2336
1366
1367
1369
2339
2340
2340
2341
1368
1369
2339
1370
1371
2338
2339
1370
1373
1372
1373
2337
2338
1374
2336
2337
1374
1376
1377
1377
1379
2334
2335
1381
2333
2334
1381
1382
1384
2332
2333
2333
1383
1384
2331
2332
1385
1386
2330
2331
1385
1388
1387
1388
2330
1389
1390
2329
2330
1389
1395
1391
1394
1395
2328
2329
1392
1394
2327
2328
1393
2327
1398
2326
2327
1396
1396
1398
1399
1401
2324
2325
2325
2326
1400
1401
2324
1402
1453
2323
2324
1402
1455
1404
1454
1457
1458
2321
1405
1457
2320
2321
1406
2319
2320
1408
2318
2319
1408
1409
1411
2317
2318
2318
1410
1411
2316
2317
1412
1413
2315
2316
1412
1417
1416
1417
2315
1415
1418
1419
1416
2314
2315
1418
1424
1420
1423
1424
2313
2314
1422
1423
2313
1422
1433
1435
2311
2312
2312
2313
1425
1425
1427
1434
1437
1438
2309
2310
1428
1437
2308
2309
1429
2307
2308
1430
2307
1431
1432
2306
2307
1432
1443
2305
2306
1444
1434
1435
2310
2311
1436
2310
1436
1438
1439
1439
1441
1443
1445
2304
1442
2303
2304
1446
2302
2303
1444
2304
2305
1445
1447
1448
2301
2302
1448
1449
2301
1451
1450
1451
2300
2301
1452
1524
2299
2300
1452
1549
1454
1455
2322
2323
1456
2321
2322
1456
1458
1459
1459
1461
1567
1569
2279
2280
1462
2278
2279
1464
2277
2278
1467
1469
1476
2274
1465
1466
2276
2277
1466
1467
2275
2276
1468
1468
2274
2275
1469
1493
1495
1497
2259
1472
1478
1481
1482
2269
2270
1474
1481
2268
2269
1474
1487
1488
2266
2267
2267
2268
1476
1477
1479
2272
2273
2273
2274
1478
1479
2271
2272
1480
2270
2271
1480
1482
1483
1483
1485
1487
1489
2264
2265
1486
2263
2264
1490
2262
2263
1488
2265
2266
1489
1491
1492
2261
2262
1492
1493
2260
2261
1494
1494
2259
2260
1495
1497
1498
1500
2257
2258
2258
2259
1499
1500
2256
2257
1501
1502
2255
2256
1501
1507
1503
1506
1507
2254
2255
1505
1506
2253
2254
1505
1517
1519
2251
2252
2252
2253
1508
1508
1510
1518
1521
1522
2248
2249
1512
1521
2247
2248
1512
1513
1515
2245
2246
2246
2247
1514
1515
2244
2245
1516
1631
2243
2244
1516
1636
1518
1519
2250
2251
1520
2249
2250
1520
1522
1523
1523
1525
1548
1549
2298
2299
1527
1548
2298
1527
1530
1532
2296
2297
2297
2298
1529
1531
1534
1535
2294
2295
1534
1540
2293
2294
1531
1532
2295
2296
1533
2295
1533
1535
1536
1536
1538
1545
1547
2289
1539
2288
2289
1551
2287
2288
1541
2292
2293
1542
2292
1543
1544
2291
2292
1544
1545
2290
2291
1546
1546
2289
2290
1547
1550
1550
1552
1553
2286
2287
1553
1554
2286
1556
1555
1556
2285
2286
1557
1558
2284
2285
1557
1565
1559
1564
1565
2283
2284
1563
1564
2283
1561
1567
1568
2281
2282
1562
1563
2282
2283
1566
1566
1568
2280
2281
1569
1574
1627
1629
3012
3266
1572
1577
1586
1766
3266
1576
1577
3266
1575
1578
1575
3266
1576
3266
1578
1580
1639
1642
1643
2237
2238
1600
1642
2236
2237
1582
1595
2004
2234
1592
1596
2004
1584
1588
1766
2004
1585
1589
1587
1766
1587
1766
1589
1590
2004
1591
1591
1593
2004
1594
1593
1594
2004
2004
1596
1597
2234
1598
1598
1601
2234
1606
1600
1603
1604
2234
2235
2235
2236
1605
1606
1603
1606
1604
1605
2234
2234
1611
1622
2482
1609
1616
2482
2750
1610
1621
1612
2482
1612
1624
2482
1614
1615
1619
1620
2750
1626
1630
1626
2750
3012
1617
1621
1620
2750
1620
1621
1620
2750
1623
1624
1625
1625
1628
1628
1629
3012
3012
1630
1632
1635
1636
2242
2243
1634
1635
2242
1634
1638
1640
2240
2241
2241
2242
1637
1637
1639
1640
2239
2240
1641
2238
2239
1641
1643
1644
1644
1646
3142
1647
1887
3143
1648
1888
3144
1649
1889
3145
1650
1890
3146
1651
1891
3147
1652
1892
3148
1653
1893
3149
3150
1655
3153
1656
1894
3154
1657
1895
3155
1658
1896
3156
1659
1897
3157
1660
1898
3158
1661
1899
3159
1662
1900
3160
1663
1901
3161
1664
1902
3162
1665
1903
3163
1666
1904
3164
1667
1905
3165
1668
1906
3166
1669
1907
3167
1670
1908
3168
1671
1909
3169
1672
1910
3170
1673
1911
3171
1674
1912
3172
1675
1913
3173
1676
1914
3174
1677
1915
3175
1678
1916
3176
1679
1917
3177
1680
1918
3178
1681
1919
3179
1682
1920
3180
1683
1921
3181
1684
1922
3182
1685
1923
3183
1686
1924
3184
1687
1925
3185
1688
1926
3186
1689
1927
3187
1690
1928
3188
1691
1929
3189
1692
1930
3190
1693
1931
3191
1694
1932
3192
1695
1933
3193
1696
1934
3194
1697
1935
3195
1698
1936
3196
1699
1937
3197
1700
1938
3198
1701
1939
3199
1702
1940
3200
1703
1941
3201
1704
1942
3202
1705
1943
3203
1706
1944
3204
1707
1945
3205
1708
1946
3206
1709
1947
3207
1710
1948
3208
1711
1949
3209
1712
1950
3210
1713
1951
3211
1714
1952
3212
1715
1953
3213
1716
1954
3214
1717
1955
3215
1718
1956
3216
1719
1957
3217
1720
1958
3218
1721
1959
3219
1722
1960
3220
1723
1961
3221
1724
1962
3222
1725
1963
3223
1726
1964
3224
1727
1965
3225
1728
1966
3226
1729
1967
3227
1730
1968
3228
1731
1969
3229
1732
1970
3230
1733
1971
3231
1734
1972
3232
1735
1973
3233
1736
1974
3234
1737
1975
3235
1738
1976
3236
1739
1977
3237
1740
1978
3238
1741
1979
3239
1742
1980
3240
1743
1981
3241
1744
1982
3242
1745
1983
3243
1746
1984
3244
1747
1985
3245
1748
1986
3246
1749
1987
3247
1750
1988
3248
1751
1989
3249
1752
1990
3250
1753
1991
3251
1754
1992
3252
1755
1993
3253
1756
1994
3254
1757
1995
3255
1758
1996
3256
1759
1997
3257
1760
1998
3258
1761
1999
3259
1762
2000
3260
1763
2001
3261
1764
2002
3262
1765
2003
3263
3264
1767
3267
1768
2004
3268
1769
2005
3269
1770
2006
3270
1771
2007
3271
1772
2008
3272
1773
2009
3273
1774
2010
3274
1775
2011
3275
1776
2012
3276
1777
2013
3277
1778
2014
3278
1779
2015
3279
1780
2016
3280
1781
2017
3281
1782
2018
3282
1783
2019
3283
1784
2020
3284
1785
2021
3285
1786
2022
3286
1787
2023
3287
1788
2024
3288
1789
2025
3289
1790
2026
3290
1791
2027
3291
1792
2028
3292
1793
2029
3293
1794
2030
3294
1795
2031
3295
1796
2032
3296
1797
2033
3297
1798
2034
3298
1799
2035
3299
1800
2036
3300
1801
2037
3301
1802
2038
3302
1803
2039
3303
1804
2040
3304
1805
2041
3305
1806
2042
3306
1807
2043
3307
1808
2044
3308
1809
2045
3309
1810
2046
3310
1811
2047
3311
1812
2048
3312
1813
2049
3313
1814
2050
3314
1815
2051
3315
1816
2052
3316
1817
2053
3317
1818
2054
3318
1819
2055
3319
1820
2056
3320
1821
2057
3321
1822
2058
3322
1823
2059
3323
1824
2060
3324
1825
2061
3325
1826
2062
3326
1827
2063
3327
1828
2064
3328
1829
2065
3329
1830
2066
3330
1831
2067
3331
1832
2068
3332
1833
2069
3333
1834
2070
3334
1835
2071
3335
1836
2072
3336
1837
2073
3337
1838
2074
3338
1839
2075
3339
1840
2076
3340
1841
2077
3341
1842
2078
3342
1843
2079
3343
1844
2080
3344
1845
2081
3345
1846
2082
3346
1847
2083
3347
1848
2084
3348
1849
2085
3349
1850
2086
3350
1851
2087
3351
1852
2088
3352
1853
2089
3353
1854
2090
3354
1855
2091
3355
1856
2092
3356
1857
2093
3357
1858
2094
3358
1859
2095
3359
1860
2096
3360
1861
2097
3361
1862
2098
3362
1863
2099
3363
1864
2100
3364
1865
2101
3365
1866
2102
3366
1867
2103
3367
1868
2104
3368
1869
2105
3369
1870
2106
3370
1871
2107
3371
1872
2108
3372
1873
2109
3373
1874
2110
3374
1875
2111
3375
1876
2112
3376
1877
2113
3377
3378
1879
3381
1880
2114
3382
1881
2115
3383
1882
2116
3384
1883
2117
3385
1884
2118
3386
1885
2119
3387
1886
2120
3388
3389
1888
1889
2121
1890
2122
1891
2123
1892
2124
1893
2125
1895
1896
2126
1897
2127
1898
2128
1899
2129
1900
2130
1901
2131
1902
2132
1903
2133
1904
2134
1905
2135
1906
2136
1907
2137
1908
2138
1909
2139
1910
2140
1911
2141
1912
2142
1913
2143
1914
2144
1915
2145
1916
2146
1917
2147
1918
2148
1919
2149
1920
2150
1921
2151
1922
2152
1923
2153
1924
2154
1925
2155
1926
2156
1927
2157
1928
2158
1929
2159
1930
2160
1931
2161
1932
2162
1933
2163
1934
2164
1935
2165
1936
2166
1937
2167
1938
2168
1939
2169
1940
2170
1941
2171
1942
2172
1943
2173
1944
2174
1945
2175
1946
2176
1947
2177
1948
2178
1949
2179
1950
2180
1951
2181
1952
2182
1953
2183
1954
2184
1955
2185
1956
2186
1957
2187
1958
2188
1959
2189
1960
2190
1961
2191
1962
2192
1963
2193
1964
2194
1965
2195
1966
2196
1967
2197
1968
2198
1969
2199
1970
2200
1971
2201
1972
2202
1973
2203
1974
2204
1975
2205
1976
2206
1977
2207
1978
2208
1979
2209
1980
2210
1981
2211
1982
2212
1983
2213
1984
2214
1985
2215
1986
2216
1987
2217
1988
2218
1989
2219
1990
2220
1991
2221
1992
2222
1993
2223
1994
2224
1995
2225
1996
2226
1997
2227
1998
2228
1999
2229
2000
2230
2001
2231
2002
2232
2003
2233
2005
2006
2234
2007
2235
2008
2236
2009
2237
2010
2238
2011
2239
2012
2240
2013
2241
2014
2242
2015
2243
2016
2244
2017
2245
2018
2246
2019
2247
2020
2248
2021
2249
2022
2250
2023
2251
2024
2252
2025
2253
2026
2254
2027
2255
2028
2256
2029
2257
2030
2258
2031
2259
2032
2260
2033
2261
2034
2262
2035
2263
2036
2264
2037
2265
2038
2266
2039
2267
2040
2268
2041
2269
2042
2270
2043
2271
2044
2272
2045
2273
2046
2274
2047
2275
2048
2276
2049
2277
2050
2278
2051
2279
2052
2280
2053
2281
2054
2282
2055
2283
2056
2284
2057
2285
2058
2286
2059
2287
2060
2288
2061
2289
2062
2290
2063
2291
2064
2292
2065
2293
2066
2294
2067
2295
2068
2296
2069
2297
2070
2298
2071
2299
2072
2300
2073
2301
2074
2302
2075
2303
2076
2304
2077
2305
2078
2306
2079
2307
2080
2308
2081
2309
2082
2310
2083
2311
2084
2312
2085
2313
2086
2314
2087
2315
2088
2316
2089
2317
2090
2318
2091
2319
2092
2320
2093
2321
2094
2322
2095
2323
2096
2324
2097
2325
2098
2326
2099
2327
2100
2328
2101
2329
2102
2330
2103
2331
2104
2332
2105
2333
2106
2334
2107
2335
2108
2336
2109
2337
2110
2338
2111
2339
2112
2340
2113
2341
2115
2116
2342
2117
2343
2118
2344
2119
2345
2120
2346
2122
2123
2124
2125
2127
2128
2129
2130
2131
2132
2133
2134
2135
2136
2137
2138
2139
2140
2141
2142
2143
2144
2145
2146
2147
2148
2149
2150
2151
2152
2153
2154
2155
2156
2157
2158
2159
2160
2161
2162
2163
2164
2165
2166
2167
2168
2169
2170
2171
2172
2173
2174
2175
2176
2177
2178
2179
2180
2181
2182
2183
2184
2185
2186
2187
2188
2189
2190
2191
2192
2193
2194
2195
2196
2197
2198
2199
2200
2201
2202
2203
2204
2205
2206
2207
2208
2209
2210
2211
2212
2213
2214
2215
2216
2217
2218
2219
2220
2221
2222
2223
2224
2225
2226
2227
2228
2229
2230
2231
2232
2233
2235
2236
2237
2238
2239
2240
2241
2242
2243
2244
2245
2246
2247
2248
2249
2250
2251
2252
2253
2254
2255
2256
2257
2258
2259
2260
2261
2262
2263
2264
2265
2266
2267
2268
2269
2270
2271
2272
2273
2274
2275
2276
2277
2278
2279
2280
2281
2282
2283
2284
2285
2286
2287
2288
2289
2290
2291
2292
2293
2294
2295
2296
2297
2298
2299
2300
2301
2302
2303
2304
2305
2306
2307
2308
2309
2310
2311
2312
2313
2314
2315
2316
2317
2318
2319
2320
2321
2322
2323
2324
2325
2326
2327
2328
2329
2330
2331
2332
2333
2334
2335
2336
2337
2338
2339
2340
2341
2343
2344
2345
2346
2348
2616
2349
2617
2350
2618
2351
2619
2352
2620
2353
2621
2354
2622
2355
2623
2356
2624
2357
2625
2358
2626
2359
2627
2360
2628
2361
2629
2362
2630
2363
2631
2364
2632
2365
2633
2366
2634
2367
2635
2368
2636
2369
2637
2370
2638
2371
2639
2372
2640
2373
2641
2374
2642
2375
2643
2376
2644
2377
2645
2378
2646
2379
2647
2380
2648
2381
2649
2382
2650
2383
2651
2384
2652
2385
2653
2386
2654
2387
2655
2388
2656
2389
2657
2390
2658
2391
2659
2392
2660
2393
2661
2394
2662
2395
2663
2396
2664
2397
2665
2398
2666
2399
2667
2400
2668
2401
2669
2402
2670
2403
2671
2404
2672
2405
2673
2406
2674
2407
2675
2408
2676
2409
2677
2410
2678
2411
2679
2412
2680
2413
2681
2414
2682
2415
2683
2416
2684
2417
2685
2418
2686
2419
2687
2420
2688
2421
2689
2422
2690
2423
2691
2424
2692
2425
2693
2426
2694
2427
2695
2428
2696
2429
2697
2430
2698
2431
2699
2432
2700
2433
2701
2434
2702
2435
2703
2436
2704
2437
2705
2438
2706
2439
2707
2440
2708
2441
2709
2442
2710
2443
2711
2444
2712
2445
2713
2446
2714
2447
2715
2448
2716
2449
2717
2450
2718
2451
2719
2452
2720
2453
2721
2454
2722
2455
2723
2456
2724
2457
2725
2458
2726
2459
2727
2460
2728
2461
2729
2462
2730
2463
2731
2464
2732
2465
2733
2466
2734
2467
2735
2468
2736
2469
2737
2470
2738
2471
2739
2472
2740
2473
2741
2474
2742
2475
2743
2476
2744
2477
2745
2478
2746
2479
2747
2480
2748
2481
2749
2483
2484
2750
2485
2751
2486
2752
2487
2753
2488
2754
2489
2755
2490
2756
2491
2757
2492
2758
2493
2759
2494
2760
2495
2761
2496
2762
2497
2763
2498
2764
2499
2765
2500
2766
2501
2767
2502
2768
2503
2769
2504
2770
2505
2771
2506
2772
2507
2773
2508
2774
2509
2775
2510
2776
2511
2777
2512
2778
2513
2779
2514
2780
2515
2781
2516
2782
2517
2783
2518
2784
2519
2785
2520
2786
2521
2787
2522
2788
2523
2789
2524
2790
2525
2791
2526
2792
2527
2793
2528
2794
2529
2795
2530
2796
2531
2797
2532
2798
2533
2799
2534
2800
2535
2801
2536
2802
2537
2803
2538
2804
2539
2805
2540
2806
2541
2807
2542
2808
2543
2809
2544
2810
2545
2811
2546
2812
2547
2813
2548
2814
2549
2815
2550
2816
2551
2817
2552
2818
2553
2819
2554
2820
2555
2821
2556
2822
2557
2823
2558
2824
2559
2825
2560
2826
2561
2827
2562
2828
2563
2829
2564
2830
2565
2831
2566
2832
2567
2833
2568
2834
2569
2835
2570
2836
2571
2837
2572
2838
2573
2839
2574
2840
2575
2841
2576
2842
2577
2843
2578
2844
2579
2845
2580
2846
2581
2847
2582
2848
2583
2849
2584
2850
2585
2851
2586
2852
2587
2853
2588
2854
2589
2855
2590
2856
2591
2857
2592
2858
2593
2859
2594
2860
2595
2861
2596
2862
2597
2863
2598
2864
2599
2865
2600
2866
2601
2867
2602
2868
2603
2869
2604
2870
2605
2871
2606
2872
2607
2873
2608
2874
2609
2875
2610
2876
2611
2877
2612
2878
2613
2879
2614
2880
2615
2881
2616
2882
2618
2619
2883
2620
2884
2621
2885
2622
2886
2623
2887
2624
2888
2625
2889
2626
2890
2627
2891
2628
2892
2629
2893
2630
2894
2631
2895
2632
2633
2634
2896
2635
2897
2636
2898
2637
2899
2638
2900
2639
2901
2640
2902
2641
2903
2642
2904
2643
2905
2644
2906
2645
2907
2646
2908
2647
2909
2648
2910
2649
2911
2650
2912
2651
2913
2652
2914
2653
2915
2654
2916
2655
2917
2656
2918
2657
2919
2658
2920
2659
2921
2660
2922
2661
2923
2662
2924
2663
2925
2664
2926
2665
2927
2666
2928
2667
2929
2668
2930
2669
2931
2670
2932
2671
2933
2672
2934
2673
2935
2674
2936
2675
2937
2676
2938
2677
2939
2678
2940
2679
2941
2680
2942
2681
2943
2682
2944
2683
2945
2684
2946
2685
2947
2686
2948
2687
2949
2688
2950
2689
2951
2690
2952
2691
2953
2692
2954
2693
2955
2694
2956
2695
2957
2696
2958
2697
2959
2698
2960
2699
2961
2700
2962
2701
2963
2702
2964
2703
2965
2704
2966
2705
2967
2706
2968
2707
2969
2708
2970
2709
2971
2710
2972
2711
2973
2712
2974
2713
2975
2714
2976
2715
2977
2716
2978
2717
2979
2718
2980
2719
2981
2720
2982
2721
2983
2722
2984
2723
2985
2724
2986
2725
2987
2726
2988
2727
2989
2728
2990
2729
2991
2730
2992
2731
2993
2732
2994
2733
2995
2734
2996
2735
2997
2736
2998
2737
2999
2738
3000
2739
3001
2740
3002
2741
3003
2742
3004
2743
3005
2744
3006
2745
3007
2746
3008
2747
3009
2748
3010
2749
3011
2751
2752
3012
2753
3013
2754
3014
2755
3015
2756
3016
2757
3017
2758
3018
2759
3019
2760
3020
2761
3021
2762
3022
2763
3023
2764
3024
2765
3025
2766
3026
2767
3027
2768
3028
2769
3029
2770
3030
2771
3031
2772
3032
2773
3033
2774
3034
2775
3035
2776
3036
2777
3037
2778
3038
2779
3039
2780
3040
2781
3041
2782
3042
2783
3043
2784
3044
2785
3045
2786
3046
2787
3047
2788
3048
2789
3049
2790
3050
2791
3051
2792
3052
2793
3053
2794
3054
2795
3055
2796
3056
2797
3057
2798
3058
2799
3059
2800
3060
2801
3061
2802
3062
2803
3063
2804
3064
2805
3065
2806
3066
2807
3067
2808
3068
2809
3069
2810
3070
2811
3071
2812
3072
2813
3073
2814
3074
2815
3075
2816
3076
2817
3077
2818
3078
2819
3079
2820
3080
2821
3081
2822
3082
2823
3083
2824
3084
2825
3085
2826
3086
2827
3087
2828
3088
2829
3089
2830
3090
2831
3091
2832
3092
2833
3093
2834
3094
2835
3095
2836
3096
2837
3097
2838
3098
2839
3099
2840
3100
2841
3101
2842
3102
2843
3103
2844
3104
2845
3105
2846
3106
2847
3107
2848
3108
2849
3109
2850
3110
2851
3111
2852
3112
2853
3113
2854
3114
2855
3115
2856
3116
2857
3117
2858
3118
2859
3119
2860
3120
2861
3121
2862
3122
2863
3123
2864
3124
2865
3125
2866
3126
2867
3127
2868
2869
2870
3128
2871
3129
2872
3130
2873
3131
2874
3132
2875
3133
2876
3134
2877
3135
2878
3136
2879
3137
2880
3138
2881
3139
2882
3140
2884
2885
3141
2886
3142
2887
3143
2888
3144
2889
3145
2890
3146
2891
3147
2892
3148
2893
3149
2894
3150
2895
3151
2897
2898
3152
2899
3153
2900
3154
2901
3155
2902
3156
2903
3157
2904
3158
2905
3159
2906
3160
2907
3161
2908
3162
2909
3163
2910
3164
2911
3165
2912
3166
2913
3167
2914
3168
2915
3169
2916
3170
2917
3171
2918
3172
2919
3173
2920
3174
2921
3175
2922
3176
2923
3177
2924
3178
2925
3179
2926
3180
2927
3181
2928
3182
2929
3183
2930
3184
2931
3185
2932
3186
2933
3187
2934
3188
2935
3189
2936
3190
2937
3191
2938
3192
2939
3193
2940
3194
2941
3195
2942
3196
2943
3197
2944
3198
2945
3199
2946
3200
2947
3201
2948
3202
2949
3203
2950
3204
2951
3205
2952
3206
2953
3207
2954
3208
2955
3209
2956
3210
2957
3211
2958
3212
2959
3213
2960
3214
2961
3215
2962
3216
2963
3217
2964
3218
2965
3219
2966
3220
2967
3221
2968
3222
2969
3223
2970
3224
2971
3225
2972
3226
2973
3227
2974
3228
2975
3229
2976
3230
2977
3231
2978
3232
2979
3233
2980
3234
2981
3235
2982
3236
2983
3237
2984
3238
2985
3239
2986
3240
2987
3241
2988
3242
2989
3243
2990
3244
2991
3245
2992
3246
2993
3247
2994
3248
2995
3249
2996
3250
2997
3251
2998
3252
2999
3253
3000
3254
3001
3255
3002
3256
3003
3257
3004
3258
3005
3259
3006
3260
3007
3261
3008
3262
3009
3263
3010
3264
3011
3265
3013
3014
3266
3015
3267
3016
3268
3017
3269
3018
3270
3019
3271
3020
3272
3021
3273
3022
3274
3023
3275
3024
3276
3025
3277
3026
3278
3027
3279
3028
3280
3029
3281
3030
3282
3031
3283
3032
3284
3033
3285
3034
3286
3035
3287
3036
3288
3037
3289
3038
3290
3039
3291
3040
3292
3041
3293
3042
3294
3043
3295
3044
3296
3045
3297
3046
3298
3047
3299
3048
3300
3049
3301
3050
3302
3051
3303
3052
3304
3053
3305
3054
3306
3055
3307
3056
3308
3057
3309
3058
3310
3059
3311
3060
3312
3061
3313
3062
3314
3063
3315
3064
3316
3065
3317
3066
3318
3067
3319
3068
3320
3069
3321
3070
3322
3071
3323
3072
3324
3073
3325
3074
3326
3075
3327
3076
3328
3077
3329
3078
3330
3079
3331
3080
3332
3081
3333
3082
3334
3083
3335
3084
3336
3085
3337
3086
3338
3087
3339
3088
3340
3089
3341
3090
3342
3091
3343
3092
3344
3093
3345
3094
3346
3095
3347
3096
3348
3097
3349
3098
3350
3099
3351
3100
3352
3101
3353
3102
3354
3103
3355
3104
3356
3105
3357
3106
3358
3107
3359
3108
3360
3109
3361
3110
3362
3111
3363
3112
3364
3113
3365
3114
3366
3115
3367
3116
3368
3117
3369
3118
3370
3119
3371
3120
3372
3121
3373
3122
3374
3123
3375
3124
3376
3125
3377
3126
3378
3127
3379
3129
3130
3380
3131
3381
3132
3382
3133
3383
3134
3384
3135
3385
3136
3386
3137
3387
3138
3388
3139
3389
3140
3390
3142
3143
3144
3145
3146
3147
3148
3149
3150
3151
3153
3154
3155
3156
3157
3158
3159
3160
3161
3162
3163
3164
3165
3166
3167
3168
3169
3170
3171
3172
3173
3174
3175
3176
3177
3178
3179
3180
3181
3182
3183
3184
3185
3186
3187
3188
3189
3190
3191
3192
3193
3194
3195
3196
3197
3198
3199
3200
3201
3202
3203
3204
3205
3206
3207
3208
3209
3210
3211
3212
3213
3214
3215
3216
3217
3218
3219
3220
3221
3222
3223
3224
3225
3226
3227
3228
3229
3230
3231
3232
3233
3234
3235
3236
3237
3238
3239
3240
3241
3242
3243
3244
3245
3246
3247
3248
3249
3250
3251
3252
3253
3254
3255
3256
3257
3258
3259
3260
3261
3262
3263
3264
3265
3267
3268
3269
3270
3271
3272
3273
3274
3275
3276
3277
3278
3279
3280
3281
3282
3283
3284
3285
3286
3287
3288
3289
3290
3291
3292
3293
3294
3295
3296
3297
3298
3299
3300
3301
3302
3303
3304
3305
3306
3307
3308
3309
3310
3311
3312
3313
3314
3315
3316
3317
3318
3319
3320
3321
3322
3323
3324
3325
3326
3327
3328
3329
3330
3331
3332
3333
3334
3335
3336
3337
3338
3339
3340
3341
3342
3343
3344
3345
3346
3347
3348
3349
3350
3351
3352
3353
3354
3355
3356
3357
3358
3359
3360
3361
3362
3363
3364
3365
3366
3367
3368
3369
3370
3371
3372
3373
3374
3375
3376
3377
3378
3379
3381
3382
3383
3384
3385
3386
3387
3388
3389
3390
)
