FoamFile
{
    version 2.0;
    format ascii;
    arch "LSB;label=32;scalar=64";
    class labelList;
    location "constant/polyMesh";
    object neighbour;
}

6841
(
1
2
3
5
6
5
7
18
19
4
14
15
9
16
17
6
7
8
14
8
22
45
47
79
80
10
37
38
11
39
40
12
41
42
13
42
44
54
55
15
45
46
16
49
50
17
58
59
37
63
65
19
20
21
22
21
24
25
82
84
79
81
82
83
26
76
77
86
88
25
27
29
90
92
28
29
70
30
88
89
71
96
97
31
91
93
32
94
95
33
108
109
35
110
111
36
106
107
113
115
36
114
115
38
116
117
39
120
121
40
124
125
41
128
129
42
43
44
44
129
131
133
134
53
46
47
48
49
48
201
202
51
205
206
50
51
52
58
52
209
210
60
211
212
54
134
135
136
137
55
56
57
57
62
137
139
64
59
60
61
63
61
214
215
67
216
218
64
66
140
141
65
67
68
69
116
68
98
142
143
69
222
223
99
100
118
71
72
73
144
145
73
74
75
146
147
75
76
77
148
150
77
78
86
150
151
152
153
80
81
155
156
201
203
155
157
159
160
83
84
85
159
161
85
90
164
166
173
175
87
88
89
153
154
168
170
89
91
92
173
177
93
170
171
96
180
182
94
176
178
95
187
188
108
191
192
97
193
195
144
197
199
99
101
217
219
102
132
223
224
226
227
102
104
220
221
105
106
113
231
232
233
235
105
106
230
232
107
107
109
238
239
110
242
243
111
246
247
114
250
251
113
114
234
235
249
251
115
115
117
118
119
120
119
132
122
252
253
121
122
123
124
123
259
260
126
261
262
125
126
127
128
127
263
264
130
265
266
129
130
131
131
267
268
269
270
252
254
255
256
134
270
272
275
276
135
276
278
280
281
137
138
281
283
139
139
285
286
288
289
140
141
289
291
142
293
295
143
297
299
217
301
303
145
304
306
146
308
310
147
312
314
148
316
318
149
150
151
318
319
321
322
151
324
326
153
326
327
329
331
154
331
332
335
337
156
157
158
207
158
163
345
346
414
416
160
161
162
163
162
164
165
349
351
345
347
349
350
165
166
355
356
361
362
185
355
358
190
213
367
368
370
372
169
170
337
338
171
172
339
340
171
176
174
176
341
342
175
177
178
184
343
344
179
185
178
179
180
187
181
378
380
181
182
183
382
384
183
193
194
386
388
186
187
353
354
373
376
378
379
188
189
357
359
188
191
190
191
371
372
192
236
192
238
194
195
196
390
392
196
197
198
394
396
198
199
200
398
400
200
304
305
402
404
202
203
204
205
204
207
208
406
408
206
406
407
209
410
411
208
414
415
418
419
421
422
210
423
424
211
427
428
212
431
432
214
435
436
236
441
442
444
445
215
463
464
216
467
468
218
476
478
219
472
474
222
483
484
220
477
481
221
489
491
230
493
495
223
496
497
224
225
497
499
226
500
501
502
503
227
505
506
228
255
257
506
508
522
523
230
231
494
495
509
511
232
232
514
516
235
515
516
518
520
235
460
462
519
520
237
238
239
240
445
446
239
242
241
242
447
448
243
244
449
450
243
246
245
246
451
452
247
248
453
454
247
250
249
250
457
458
251
461
462
251
253
254
259
526
527
258
526
528
256
257
258
530
531
530
532
555
556
534
535
536
537
260
539
540
261
543
544
262
547
548
263
551
552
264
560
561
265
564
565
266
568
569
267
572
573
268
576
577
269
580
581
270
271
272
272
273
581
583
274
274
584
585
586
587
275
589
590
276
277
278
278
590
592
594
595
279
280
595
597
598
599
281
282
283
283
284
599
601
285
285
603
605
607
608
286
287
608
610
288
612
613
616
617
289
290
291
291
292
617
619
293
293
294
621
623
295
295
296
625
627
297
297
298
629
631
299
299
300
633
635
301
301
302
637
639
303
303
471
641
643
472
305
306
307
644
646
307
308
309
648
650
309
310
311
652
654
311
312
313
656
658
313
314
315
660
662
315
316
317
664
666
317
318
319
668
670
319
320
321
670
671
673
675
322
677
679
323
324
325
679
680
682
685
325
326
327
686
688
327
328
329
688
689
690
692
330
331
332
692
693
695
697
332
333
334
335
697
698
336
700
701
702
703
336
337
338
704
706
338
339
340
706
707
341
710
711
342
714
715
343
718
719
344
722
723
353
726
727
346
347
348
439
348
728
729
732
735
912
914
350
351
352
728
733
352
361
363
736
738
354
747
748
357
751
752
356
358
360
369
359
755
756
360
373
371
759
760
374
787
789
362
363
364
369
364
767
771
776
777
782
783
367
370
762
763
764
765
368
440
743
744
768
772
368
770
772
441
782
785
787
788
372
779
781
372
780
781
374
376
377
809
811
376
377
801
802
2110
377
794
795
814
2110
379
380
381
794
796
381
382
383
805
807
383
384
385
816
818
385
386
387
820
822
387
388
389
824
826
389
390
391
828
830
391
392
393
832
834
393
394
395
836
838
395
396
397
840
842
397
398
399
844
846
399
400
401
848
850
401
402
403
852
854
403
404
405
856
858
405
644
645
860
862
407
408
409
410
409
421
412
870
873
411
412
413
423
413
877
878
425
879
880
415
416
417
418
417
439
420
905
906
419
420
864
868
881
886
864
869
921
923
422
870
874
875
876
883
885
424
425
426
427
426
889
890
429
891
892
428
429
430
431
430
893
894
433
895
896
432
433
434
435
434
897
898
437
899
900
436
437
438
463
438
901
902
465
903
904
905
907
912
913
441
929
930
932
934
442
443
934
935
444
937
938
939
940
445
941
943
446
447
943
944
448
947
948
449
951
952
450
955
956
451
959
960
452
964
965
453
968
969
454
972
973
457
976
977
456
459
978
979
981
982
460
519
985
986
458
989
990
461
993
994
460
461
992
994
462
462
464
465
466
467
466
1011
1012
469
1013
1014
468
469
470
476
470
1015
1016
480
1018
1020
472
473
996
998
474
474
475
1000
1002
477
477
479
1004
1006
478
480
481
482
483
481
488
1008
1010
482
1036
1037
489
485
1038
1039
484
485
486
496
486
1040
1041
498
1042
1043
494
509
1029
1030
1031
1035
489
490
1019
1022
491
491
492
1024
1026
493
493
494
1028
1030
495
495
497
498
499
499
1044
1045
500
501
1047
1048
1049
1050
1051
1053
503
1052
1056
1058
1059
504
505
507
1059
1062
1080
1083
506
507
508
508
1086
1087
521
511
1069
1071
511
513
1065
1067
1070
1071
514
515
518
1074
1075
1077
1079
514
515
1073
1075
516
516
518
519
984
986
1078
1079
520
520
522
1087
1089
1094
1095
523
524
525
555
525
1095
1097
1101
1102
557
1104
1107
527
528
529
539
529
534
541
1154
1157
531
532
533
536
533
559
538
1189
1190
535
1156
1158
1159
1160
1167
1170
537
538
1161
1164
1166
1171
1161
1165
1219
1221
540
541
542
543
542
1173
1174
545
1175
1176
544
545
546
547
546
1177
1178
549
1179
1180
548
549
550
551
550
1181
1182
553
1183
1184
552
553
554
560
554
1185
1186
562
1187
1188
556
557
558
559
558
1203
1204
1196
1198
1208
1211
1189
1191
1196
1197
561
562
563
564
563
1231
1232
566
1233
1234
565
566
567
568
567
1235
1236
570
1237
1238
569
570
571
572
571
1239
1240
574
1241
1242
573
574
575
576
575
1243
1244
578
1245
1246
577
578
579
580
579
1247
1248
582
1249
1250
581
582
583
583
1251
1252
584
585
1252
1255
1256
1257
1259
1262
587
1260
1264
1266
1267
588
589
591
1267
1271
1273
1276
590
591
592
592
1279
1280
593
594
1280
1282
1287
1288
595
596
597
597
1288
1290
1326
1328
1329
1330
599
600
1329
1333
601
601
602
1335
1337
605
604
605
1339
1341
604
605
606
1344
1345
1348
1349
607
1349
1350
1354
1355
608
609
610
610
611
1355
1357
612
612
615
1359
1361
613
614
615
1369
1370
615
1365
1367
2265
1364
2265
617
618
1370
1375
619
619
620
1377
1379
621
621
622
1381
1383
623
623
624
1385
1387
625
625
626
1389
1391
627
627
628
1393
1395
629
629
630
1397
1399
631
631
632
1401
1403
633
633
634
1405
1407
635
635
636
1409
1411
637
637
638
1413
1415
639
639
640
1417
1419
641
641
642
1421
1423
643
643
995
1425
1427
996
645
646
647
1428
1430
647
648
649
1432
1434
649
650
651
1436
1438
651
652
653
1440
1442
653
654
655
1444
1446
655
656
657
1448
1450
657
658
659
1452
1454
659
660
661
1456
1458
661
662
663
1460
1462
663
664
665
1464
1466
665
666
667
1468
1470
667
668
669
1472
1474
669
670
671
1476
1478
671
1480
1485
673
674
1489
1490
2089
674
675
1485
1486
676
1491
2089
676
677
678
1493
1495
678
679
680
1497
1499
680
681
682
1499
1500
1504
1506
683
685
684
1506
1507
1509
1512
685
687
1513
1515
686
687
688
689
1517
1519
689
1521
1523
691
692
1523
1524
693
1527
1528
1562
1566
693
694
695
1566
1567
1569
1574
696
697
698
699
1574
1575
698
700
700
1579
1581
1583
1584
701
1584
1588
1590
1591
703
1593
1595
1597
1598
704
1599
1600
705
706
707
708
1600
1603
707
710
709
710
1604
1605
711
712
1606
1607
711
714
713
714
1608
1609
715
716
1610
1611
715
718
717
718
1612
1613
719
720
1614
1615
719
722
721
722
1616
1617
723
724
1618
1619
723
726
725
726
1620
1621
727
745
1622
1623
727
747
729
733
730
732
734
2496
732
735
2369
2369
734
736
737
2496
926
2369
737
738
740
2496
740
767
743
768
1656
1658
1660
1665
769
2496
2616
742
743
1644
1646
1654
1656
744
927
1645
1651
744
929
746
747
1666
1667
748
749
1668
1669
748
751
750
751
1670
1671
752
753
1672
1673
752
755
754
755
1674
1675
756
757
1676
1677
756
759
758
759
1678
1679
760
778
1680
1681
760
780
763
766
1632
1634
1637
1691
763
1684
1686
1690
1691
770
765
1683
1685
1687
1694
779
1695
1699
768
770
1664
1665
769
771
772
773
2616
772
773
774
774
2616
775
2616
776
2700
777
2700
793
2700
779
780
1696
1697
781
781
783
784
786
793
785
786
2778
791
2778
793
2700
2778
788
789
790
791
790
809
792
810
2044
792
2778
2044
2778
2700
795
796
797
801
798
805
799
803
800
806
800
2170
2170
802
803
804
2110
804
2170
2110
2170
806
807
808
2170
808
816
817
2170
810
811
812
2044
812
813
815
2044
814
815
2110
2044
2110
817
818
819
2169
819
820
821
2169
821
822
823
2168
2169
823
824
825
2168
825
826
827
2168
827
828
829
2167
2168
829
830
831
2167
831
832
833
2167
833
834
835
2166
835
836
837
2166
837
838
839
2165
2166
839
840
841
2165
841
842
843
2165
843
844
845
2164
2165
845
846
847
2164
847
848
849
2164
849
850
851
2163
851
852
853
2163
853
854
855
2162
2163
855
856
857
2162
857
858
859
2162
859
860
861
2161
2162
861
862
863
2161
863
1428
1429
2161
866
866
868
1973
867
869
1973
888
1973
925
1973
871
872
874
2111
873
2111
877
2111
875
2111
876
2111
887
2111
878
2111
2112
879
2112
880
2112
2113
889
2113
882
886
883
2045
884
885
2045
887
2045
888
2045
2045
2111
1973
2045
890
2113
2114
891
2114
892
2114
2115
893
2115
894
2115
2116
895
2116
896
2116
2117
897
2117
898
2117
2118
899
2118
900
2118
2119
901
2119
902
2119
2120
903
2120
904
2120
2121
1011
2121
906
907
911
919
909
909
911
2617
910
918
2617
924
2617
913
916
917
918
915
926
916
2497
917
2497
918
2497
2497
2617
920
924
921
2701
922
923
2701
925
2701
2617
2701
1973
2701
2369
2497
928
929
1746
1747
930
1750
1752
1754
1758
930
931
932
1758
1759
1761
1766
933
934
935
936
1766
1767
935
937
937
1771
1773
1774
1775
938
1775
1778
1780
1781
940
1782
1785
1786
1787
941
1788
1791
942
943
944
945
1789
1792
944
947
946
947
1793
1794
948
949
1795
1796
948
951
950
951
1797
1798
952
953
1799
1800
952
955
954
955
1801
1802
956
957
1803
1804
956
959
958
959
1805
1806
960
962
1807
1808
960
964
984
1078
1822
1823
1825
1830
963
964
1831
1832
965
966
1833
1834
965
968
967
968
1835
1836
969
970
1837
1838
969
972
971
972
1839
1840
973
974
1841
1842
973
976
975
976
1843
1844
977
987
1845
1846
977
989
979
1850
1853
1859
1860
992
1861
1863
982
983
1812
1815
1866
1868
982
1849
1851
1867
1868
985
984
985
1829
1830
986
986
988
989
1855
1856
990
991
1857
1858
990
993
992
993
1862
1863
994
994
996
997
1873
1875
998
998
999
1877
1879
1000
1000
1001
1881
1883
1002
1002
1003
1885
1887
1004
1004
1005
1889
1891
1006
1006
1007
1893
1895
1008
1008
1009
1897
1899
1010
1010
1017
1901
1903
1019
1012
2121
2122
1013
2122
1014
2122
2123
1015
2123
1016
2124
1018
2124
2125
1019
1021
1905
1907
1020
2125
1022
1036
2125
2126
1022
1023
1909
1911
1024
1024
1025
1913
1915
1026
1026
1027
1917
1919
1028
1028
1029
1929
1931
1030
1030
1938
1940
1032
1033
1035
1939
1940
1033
1921
1933
2286
1034
1923
2286
1035
1068
1925
1927
1069
1037
2126
1038
2126
2127
1039
2127
1040
2127
2128
1041
2128
1042
2128
2129
1043
2129
1044
2129
2130
1045
2130
1046
1047
2130
1048
2130
1049
2130
1050
2130
1051
2066
2130
1053
2066
1054
1056
1055
1055
2066
2066
1057
2066
1058
1996
2066
1060
1996
1060
1061
1996
1062
1996
1080
1996
2726
1065
1070
1947
1948
1949
1952
1065
1066
1951
1952
1953
1956
1067
1067
1072
1958
1960
1073
1069
1070
1946
1948
1071
1071
1073
1074
1962
1964
1075
1075
1969
1970
1077
1078
1819
1823
1965
1967
1079
1970
1971
1079
1083
2726
1082
1085
1086
1084
2726
1084
2726
1088
2644
2726
1087
1088
1089
1090
2644
1091
1091
2644
1092
1093
2644
1094
1096
2526
2644
1095
1096
1099
1099
2526
1098
1100
1099
2526
2526
1101
2400
2526
1103
2400
1103
1106
2400
2400
1106
1107
1106
1108
2401
1109
1203
1109
1110
2401
1111
1209
1111
1112
2401
1113
1212
1113
2401
2527
1114
1214
2527
1115
1223
2527
1116
1224
2527
1117
1225
2527
2528
1118
1226
2528
1119
1227
2528
1120
1228
2528
2529
1121
1229
2529
1122
1230
2529
1123
1294
2530
1124
1295
2530
1125
1296
2530
2531
1126
1297
2531
1127
1298
2531
1128
1299
2531
2532
1129
1300
2532
1130
1301
2532
1131
1302
2533
1132
1303
2533
1133
1304
2533
2534
1134
1305
2534
1135
1306
2534
1136
1307
2534
2535
1137
1308
2535
1138
1309
2535
1139
1310
2536
1140
1311
2536
1141
1312
2536
2537
1142
1313
2537
1143
1314
2537
1144
1315
2537
2538
1145
1316
2538
1146
1317
2538
1147
1318
2539
1148
1319
2539
1149
1320
2539
2540
1150
1321
2540
1151
1322
2540
1152
1323
2540
2541
1153
1324
2541
1325
1529
2541
1155
1157
1156
2309
1158
2309
1173
2309
1159
2309
1160
2309
1170
2243
2309
1162
1163
1164
2171
1165
2171
1172
2171
1221
2171
3111
1168
1171
1169
1170
1169
2243
2243
2243
1172
2243
2171
2243
1174
2309
2310
1175
2310
1176
2310
2311
1177
2311
1178
2311
2312
1179
2312
1180
2312
2313
1181
2313
1182
2313
2314
1183
2314
1184
2314
2315
1185
2315
1186
2316
1187
2316
2317
1188
2317
1231
2317
2318
1190
1191
1195
1217
1193
1193
1195
3027
1194
1202
3027
1222
3027
1197
1199
1200
1201
1202
1199
1216
2907
1201
2907
1202
2907
2907
3027
1205
1209
1205
1208
1206
1210
2906
1208
1211
2779
2779
1210
1212
1213
2906
1216
2779
1213
1214
1215
2906
1215
1223
3026
2906
3026
2779
2907
1218
1222
1219
3111
1220
1221
3111
3111
3027
3111
1224
3026
1225
3026
1226
3025
3026
1227
3025
1228
3025
1229
3024
3025
1230
3024
1294
3024
1232
2318
1233
2318
2319
1234
2319
1235
2319
2320
1236
2320
1237
2320
2321
1238
2321
1239
2321
2322
1240
2322
1241
2322
2323
1242
2323
1243
2323
2324
1244
2324
1245
2324
2325
1246
2325
1247
2325
2326
1248
2326
1249
2326
2327
1250
2327
1251
2327
2328
1254
2328
1253
1254
1255
2328
2328
1256
2328
1257
2328
1258
2328
1259
2264
2328
1262
2264
1261
1264
1263
2264
1263
2264
1265
2264
1266
2194
2264
1268
2194
1269
1269
2194
1270
1271
2194
1272
2194
1273
2194
3136
1276
3136
1275
1278
1279
1277
3136
1277
3136
1281
3054
3136
1280
1281
1282
1283
3054
1284
1284
3054
1285
1286
3054
1287
1289
2936
3054
1288
1289
1292
1292
2936
1291
1293
1292
2936
2936
1328
2810
2936
1295
3023
1296
3023
1297
3022
3023
1298
3022
1299
3022
1300
3021
3022
1301
3021
1302
3021
1303
3020
1304
3020
1305
3019
3020
1306
3019
1307
3019
1308
3018
3019
1309
3018
1310
3018
1311
3017
1312
3017
1313
3016
3017
1314
3016
1315
3016
1316
3015
3016
1317
3015
1318
3015
1319
3014
1320
3014
1321
3013
3014
1322
3013
1323
3013
1324
3012
3013
1325
3012
1700
3012
1327
1330
2810
1328
2810
2810
1330
1333
1331
1332
2811
1333
1334
2811
1335
1335
1336
2811
1337
1337
1338
2811
2937
1339
1339
1340
2937
1341
1341
1342
2937
1342
1343
2937
1344
3055
1345
3055
1346
3055
1347
1348
3055
1348
1351
3055
3137
1349
1351
1351
1352
3137
3137
1353
1354
3137
1356
2195
3137
1355
1356
1357
1357
1358
2195
1359
1359
1360
2195
1361
1361
1362
2195
1363
1363
2195
2265
1364
2265
1366
1367
2265
1368
2265
2329
1368
1369
1371
2329
1370
1371
1375
1373
1374
1375
1376
1374
2329
2329
1377
1377
1378
2329
1379
1379
1380
2329
1381
1381
1382
2330
1383
1383
1384
2330
1385
1385
1386
2330
2331
1387
1387
1388
2331
1389
1389
1390
2331
1391
1391
1392
2331
2332
1393
1393
1394
2332
1395
1395
1396
2332
1397
1397
1398
2333
1399
1399
1400
2333
1401
1401
1402
2333
2334
1403
1403
1404
2334
1405
1405
1406
2334
1407
1407
1408
2334
2335
1409
1409
1410
2335
1411
1411
1412
2335
1413
1413
1414
2336
1415
1415
1416
2336
1417
1417
1418
2336
2337
1419
1419
1420
2337
1421
1421
1422
2337
1423
1423
1424
2337
2338
1425
1425
1426
2338
1427
1427
1872
2338
1873
1429
1430
1431
2160
1431
1432
1433
2160
1433
1434
1435
2159
2160
1435
1436
1437
2159
1437
1438
1439
2159
1439
1440
1441
2158
2159
1441
1442
1443
2158
1443
1444
1445
2158
1445
1446
1447
2157
1447
1448
1449
2157
1449
1450
1451
2156
2157
1451
1452
1453
2156
1453
1454
1455
2156
1455
1456
1457
2155
2156
1457
1458
1459
2155
1459
1460
1461
2155
1461
1462
1463
2154
1463
1464
1465
2154
1465
1466
1467
2153
2154
1467
1468
1469
2153
1469
1470
1471
2153
1471
1472
1473
2152
2153
1473
1474
1475
2152
1475
1476
1477
2152
1477
1478
1479
2151
1479
1480
1482
2151
1482
1485
1483
1486
1487
1484
1484
2151
2151
1486
1489
1488
1489
2151
1490
2089
2151
1490
2089
1492
1493
2089
1494
2021
2089
1494
1495
1496
2021
1496
1497
1498
2021
1498
1499
1500
1501
2021
1500
1502
1502
2021
2753
1504
2753
1504
1505
1506
2753
2753
1507
1508
2673
2753
1507
1508
1509
2673
1512
2673
1511
1513
1514
2587
1512
2673
2673
1514
1515
1516
2587
1516
1517
1518
2587
1518
1519
1520
2465
2587
1520
1521
1522
2465
1522
1523
1525
2465
1524
1525
1527
2465
1527
1528
2464
2464
1561
2464
1530
1700
2542
1531
1701
2542
1532
1702
2542
2543
1533
1703
2543
1534
1704
2543
1535
1705
2543
2544
1536
1706
2544
1537
1707
2544
1538
1708
2545
1539
1709
2545
1540
1710
2545
2546
1541
1711
2546
1542
1712
2546
1543
1713
2546
2547
1544
1714
2547
1545
1715
2547
1546
1716
2548
1547
1717
2548
1548
1718
2548
2549
1549
1719
2549
1550
1720
2549
1551
1721
2549
2550
1552
1722
2550
1553
1723
2550
1554
1724
2551
1555
1725
2551
1556
1726
2551
2552
1557
1727
2552
1558
1728
2552
1559
1729
2552
2553
1560
1730
2553
1624
1731
2553
1562
2464
2586
1563
1564
2586
1565
1566
2586
1567
1568
2586
1567
1568
1572
2586
2672
1571
1574
1571
1573
2672
1572
2672
1575
1576
2672
1575
1577
1577
2672
2752
1578
1580
2752
1580
1581
2752
1582
2752
1583
2020
2752
1587
2020
1586
1586
1588
2020
1587
2020
1589
2020
1590
2020
2088
1591
2088
1592
1594
2088
1594
1595
2088
1596
2088
1597
2088
2150
1598
2150
1599
2150
1601
2150
1601
1602
2150
1603
2150
1604
2150
1605
2149
2150
1606
2149
1607
2148
2149
1608
2148
1609
2147
2148
1610
2147
1611
2146
2147
1612
2146
1613
2145
2146
1614
2145
1615
2144
2145
1616
2144
1617
2143
2144
1618
2143
1619
2142
2143
1620
2142
1621
2141
2142
1622
2141
1623
2140
2141
1666
2140
1625
1732
2554
1626
1733
2554
1627
1734
2554
2555
1628
1735
2555
1629
1736
2555
1630
1737
2555
2556
1631
1738
2556
1641
1739
2556
1634
1693
1997
2727
1635
1659
2645
2727
1638
2727
1636
1664
1637
2727
1638
2727
1644
1654
2433
2557
1641
1642
2432
2556
1643
1740
2556
1643
1648
2432
1649
1742
1647
2433
1646
1650
1651
1647
2433
2433
1649
1650
2432
1651
1744
2432
1746
1653
1658
1663
2557
2645
1657
1658
2557
1655
1656
2557
1657
1658
2557
1661
1664
2645
1662
1665
1662
2645
1663
2645
1665
1667
2139
2140
1668
2139
1669
2138
2139
1670
2138
1671
2137
1672
2136
2137
1673
2136
1674
2135
2136
1675
2135
1676
2134
2135
1677
2134
1678
2133
2134
1679
2133
1680
2132
2133
1681
2132
1696
2131
2132
1684
1690
1997
2067
1685
1694
2067
2131
1686
2067
1687
2067
1688
1689
1689
2067
2067
1692
1997
1692
1693
1997
1997
1695
2131
1699
2131
1697
2131
1698
1699
2131
2131
1701
3011
1702
3011
1703
3010
3011
1704
3010
1705
3010
1706
3009
3010
1707
3009
1708
3009
1709
3008
1710
3008
1711
3007
3008
1712
3007
1713
3007
1714
3006
3007
1715
3006
1716
3006
1717
3005
1718
3005
1719
3004
3005
1720
3004
1721
3004
1722
3003
3004
1723
3003
1724
3003
1725
3002
1726
3002
1727
3001
3002
1728
3001
1729
3001
1730
3000
3001
1731
3000
1732
3000
1733
2999
1734
2999
1735
2998
2999
1736
2998
1737
2998
1738
2997
2998
1739
2997
1740
2997
1741
1742
2997
1743
2875
2997
1743
1744
1745
2875
1745
1746
1748
2875
1747
1751
1751
2875
1750
1752
2874
1751
2874
1753
2874
1754
2874
2996
1755
1756
2996
1757
1758
2996
1759
1760
2996
1759
1760
1764
2996
3110
1763
1766
1763
1765
3110
1764
3110
1767
1768
3110
1767
1769
1769
3110
3188
1770
1772
3188
1772
1773
3188
1774
3188
1777
2242
3188
1776
1777
1778
2242
2242
1779
2242
1780
2242
2308
1781
2308
1783
1784
1785
1784
2308
2308
1786
2308
1787
2308
2368
1788
2368
1791
2368
1790
1792
1791
2368
2368
1793
2368
1794
2367
2368
1795
2367
1796
2366
2367
1797
2366
1798
2365
2366
1799
2365
1800
2364
2365
1801
2364
1802
2363
2364
1803
2363
1804
2362
2363
1805
2362
1806
2361
1807
2360
2361
1808
2360
1831
2359
2360
1819
1967
2843
2967
1812
1866
2219
3163
1813
1824
3083
3163
1816
3163
1814
1829
1815
3163
1816
3163
1818
1822
1828
2967
3083
1821
1822
2967
1820
1821
2967
1823
2967
1823
1826
1829
3083
1827
1830
1827
3083
1828
3083
1830
1832
2359
1833
2358
2359
1834
2358
1835
2357
2358
1836
2357
1837
2356
2357
1838
2356
1839
2355
2356
1840
2355
1841
2354
2355
1842
2354
1843
2353
2354
1844
2353
1845
2352
2353
1846
2352
1855
2351
2352
1849
1867
2219
2287
1850
1859
2287
2349
1851
2287
1854
2287
1852
1853
2287
1854
2287
1856
2351
1857
2350
2351
1858
2350
1862
2349
2350
1860
2349
1861
2349
1864
2349
1865
2349
1864
1865
2349
2349
1871
2219
1869
2219
1870
1870
2219
1871
2219
1873
1874
2339
1875
1875
1876
2339
1877
1877
1878
2339
2340
1879
1879
1880
2340
1881
1881
1882
2340
1883
1883
1884
2340
2341
1885
1885
1886
2341
1887
1887
1888
2341
1889
1889
1890
2342
1891
1891
1892
2342
1893
1893
1894
2342
2343
1895
1895
1896
2343
1897
1897
1898
2343
1899
1899
1900
2343
2344
1901
1901
1902
2344
1903
1903
1904
2344
1905
1905
1906
2345
1907
1907
1908
2345
1909
1909
1910
2345
2346
1911
1911
1912
2346
1913
1913
1914
2346
1915
1915
1916
2346
2347
1917
1917
1918
2347
1919
1919
1928
2347
1929
1921
1932
2286
2348
1933
2286
1923
1924
2218
2286
1925
2286
1925
1926
2218
1927
1927
1945
2218
1946
1929
1930
2348
1931
1931
1935
2348
1938
1933
1934
2348
1939
1936
1939
1937
1938
1937
2348
2348
1940
1940
1942
1950
1951
3082
3162
1951
1953
3082
1944
1945
2218
3162
1947
1949
3162
1946
1947
2218
1948
1948
1950
3162
1952
3162
1952
1956
3082
1955
1957
1958
2966
1956
3082
3082
1958
1959
2966
1960
1960
1961
2966
1962
1962
1963
2842
2966
1964
1964
1968
2842
1969
1966
1971
2843
1967
2843
2843
1969
1972
2842
1970
1971
1972
2842
1974
2702
1975
2045
2703
1976
2046
2704
1977
2047
2705
1978
2048
2706
1979
2049
2707
1980
2050
2708
1981
2051
2709
1982
2052
2710
1983
2053
2711
1984
2054
2712
1985
2055
2713
1986
2056
2714
1987
2057
2715
1988
2058
2716
1989
2059
2717
1990
2060
2718
1991
2061
2719
1992
2062
2720
1993
2063
2721
1994
2064
2722
1995
2065
2723
1996
2066
2724
2725
1998
2728
1999
2067
2729
2000
2068
2730
2001
2069
2731
2002
2070
2732
2003
2071
2733
2004
2072
2734
2005
2073
2735
2006
2074
2736
2007
2075
2737
2008
2076
2738
2009
2077
2739
2010
2078
2740
2011
2079
2741
2012
2080
2742
2013
2081
2743
2014
2082
2744
2015
2083
2745
2016
2084
2746
2017
2085
2747
2018
2086
2748
2019
2087
2749
2020
2088
2750
2751
2022
2754
2023
2089
2755
2024
2090
2756
2025
2091
2757
2026
2092
2758
2027
2093
2759
2028
2094
2760
2029
2095
2761
2030
2096
2762
2031
2097
2763
2032
2098
2764
2033
2099
2765
2034
2100
2766
2035
2101
2767
2036
2102
2768
2037
2103
2769
2038
2104
2770
2039
2105
2771
2040
2106
2772
2041
2107
2773
2042
2108
2774
2043
2109
2775
2044
2110
2776
2777
2046
2047
2111
2048
2112
2049
2113
2050
2114
2051
2115
2052
2116
2053
2117
2054
2118
2055
2119
2056
2120
2057
2121
2058
2122
2059
2123
2060
2124
2061
2125
2062
2126
2063
2127
2064
2128
2065
2129
2066
2130
2068
2069
2131
2070
2132
2071
2133
2072
2134
2073
2135
2074
2136
2075
2137
2076
2138
2077
2139
2078
2140
2079
2141
2080
2142
2081
2143
2082
2144
2083
2145
2084
2146
2085
2147
2086
2148
2087
2149
2088
2150
2090
2091
2151
2092
2152
2093
2153
2094
2154
2095
2155
2096
2156
2097
2157
2098
2158
2099
2159
2100
2160
2101
2161
2102
2162
2103
2163
2104
2164
2105
2165
2106
2166
2107
2167
2108
2168
2109
2169
2110
2170
2112
2113
2114
2115
2116
2117
2118
2119
2120
2121
2122
2123
2124
2125
2126
2127
2128
2129
2130
2132
2133
2134
2135
2136
2137
2138
2139
2140
2141
2142
2143
2144
2145
2146
2147
2148
2149
2150
2152
2153
2154
2155
2156
2157
2158
2159
2160
2161
2162
2163
2164
2165
2166
2167
2168
2169
2170
2172
3112
2173
2243
3113
2174
2244
3114
2175
2245
3115
2176
2246
3116
2177
2247
3117
2178
2248
3118
2179
2249
3119
2180
2250
3120
2181
2251
3121
2182
2252
3122
2183
2253
3123
2184
2254
3124
2185
2255
3125
2186
2256
3126
2187
2257
3127
2188
2258
3128
2189
2259
3129
2190
2260
3130
2191
2261
3131
2192
2262
3132
2193
2263
3133
2194
2264
3134
3135
2196
3138
2197
2265
3139
2198
2266
3140
2199
2267
3141
2200
2268
3142
2201
2269
3143
2202
2270
3144
2203
2271
3145
2204
2272
3146
2205
2273
3147
2206
2274
3148
2207
2275
3149
2208
2276
3150
2209
2277
3151
2210
2278
3152
2211
2279
3153
2212
2280
3154
2213
2281
3155
2214
2282
3156
2215
2283
3157
2216
2284
3158
2217
2285
3159
2218
2286
3160
3161
2220
3164
2221
2287
3165
2222
2288
3166
2223
2289
3167
2224
2290
3168
2225
2291
3169
2226
2292
3170
2227
2293
3171
2228
2294
3172
2229
2295
3173
2230
2296
3174
2231
2297
3175
2232
2298
3176
2233
2299
3177
2234
2300
3178
2235
2301
3179
2236
2302
3180
2237
2303
3181
2238
2304
3182
2239
2305
3183
2240
2306
3184
2241
2307
3185
2242
2308
3186
3187
2244
2245
2309
2246
2310
2247
2311
2248
2312
2249
2313
2250
2314
2251
2315
2252
2316
2253
2317
2254
2318
2255
2319
2256
2320
2257
2321
2258
2322
2259
2323
2260
2324
2261
2325
2262
2326
2263
2327
2264
2328
2266
2267
2329
2268
2330
2269
2331
2270
2332
2271
2333
2272
2334
2273
2335
2274
2336
2275
2337
2276
2338
2277
2339
2278
2340
2279
2341
2280
2342
2281
2343
2282
2344
2283
2345
2284
2346
2285
2347
2286
2348
2288
2289
2349
2290
2350
2291
2351
2292
2352
2293
2353
2294
2354
2295
2355
2296
2356
2297
2357
2298
2358
2299
2359
2300
2360
2301
2361
2302
2362
2303
2363
2304
2364
2305
2365
2306
2366
2307
2367
2308
2368
2310
2311
2312
2313
2314
2315
2316
2317
2318
2319
2320
2321
2322
2323
2324
2325
2326
2327
2328
2330
2331
2332
2333
2334
2335
2336
2337
2338
2339
2340
2341
2342
2343
2344
2345
2346
2347
2348
2350
2351
2352
2353
2354
2355
2356
2357
2358
2359
2360
2361
2362
2363
2364
2365
2366
2367
2368
2370
2496
2371
2497
2372
2498
2373
2499
2374
2500
2375
2501
2376
2502
2377
2503
2378
2504
2379
2505
2380
2506
2381
2507
2382
2508
2383
2509
2384
2510
2385
2511
2386
2512
2387
2513
2388
2514
2389
2515
2390
2516
2391
2517
2392
2518
2393
2519
2394
2520
2395
2521
2396
2522
2397
2523
2398
2524
2399
2525
2400
2526
2401
2402
2403
2527
2404
2528
2405
2529
2406
2530
2407
2531
2408
2532
2409
2533
2410
2534
2411
2535
2412
2536
2413
2537
2414
2538
2415
2539
2416
2540
2417
2541
2418
2542
2419
2543
2420
2544
2421
2545
2422
2546
2423
2547
2424
2548
2425
2549
2426
2550
2427
2551
2428
2552
2429
2553
2430
2554
2431
2555
2432
2556
2433
2434
2435
2557
2436
2558
2437
2559
2438
2560
2439
2561
2440
2562
2441
2563
2442
2564
2443
2565
2444
2566
2445
2567
2446
2568
2447
2569
2448
2570
2449
2571
2450
2572
2451
2573
2452
2574
2453
2575
2454
2576
2455
2577
2456
2578
2457
2579
2458
2580
2459
2581
2460
2582
2461
2583
2462
2584
2463
2585
2464
2586
2465
2466
2467
2587
2468
2588
2469
2589
2470
2590
2471
2591
2472
2592
2473
2593
2474
2594
2475
2595
2476
2596
2477
2597
2478
2598
2479
2599
2480
2600
2481
2601
2482
2602
2483
2603
2484
2604
2485
2605
2486
2606
2487
2607
2488
2608
2489
2609
2490
2610
2491
2611
2492
2612
2493
2613
2494
2614
2495
2615
2496
2616
2498
2499
2617
2500
2618
2501
2619
2502
2620
2503
2621
2504
2622
2505
2623
2506
2624
2507
2625
2508
2626
2509
2627
2510
2628
2511
2629
2512
2630
2513
2631
2514
2632
2515
2633
2516
2634
2517
2635
2518
2636
2519
2637
2520
2638
2521
2639
2522
2640
2523
2641
2524
2642
2525
2643
2526
2644
2528
2529
2530
2531
2532
2533
2534
2535
2536
2537
2538
2539
2540
2541
2542
2543
2544
2545
2546
2547
2548
2549
2550
2551
2552
2553
2554
2555
2556
2558
2559
2645
2560
2646
2561
2647
2562
2648
2563
2649
2564
2650
2565
2651
2566
2652
2567
2653
2568
2654
2569
2655
2570
2656
2571
2657
2572
2658
2573
2659
2574
2660
2575
2661
2576
2662
2577
2663
2578
2664
2579
2665
2580
2666
2581
2667
2582
2668
2583
2669
2584
2670
2585
2671
2586
2672
2588
2589
2673
2590
2674
2591
2675
2592
2676
2593
2677
2594
2678
2595
2679
2596
2680
2597
2681
2598
2682
2599
2683
2600
2684
2601
2685
2602
2686
2603
2687
2604
2688
2605
2689
2606
2690
2607
2691
2608
2692
2609
2693
2610
2694
2611
2695
2612
2696
2613
2697
2614
2698
2615
2699
2616
2700
2618
2619
2701
2620
2702
2621
2703
2622
2704
2623
2705
2624
2706
2625
2707
2626
2708
2627
2709
2628
2710
2629
2711
2630
2712
2631
2713
2632
2714
2633
2715
2634
2716
2635
2717
2636
2718
2637
2719
2638
2720
2639
2721
2640
2722
2641
2723
2642
2724
2643
2725
2644
2726
2646
2647
2727
2648
2728
2649
2729
2650
2730
2651
2731
2652
2732
2653
2733
2654
2734
2655
2735
2656
2736
2657
2737
2658
2738
2659
2739
2660
2740
2661
2741
2662
2742
2663
2743
2664
2744
2665
2745
2666
2746
2667
2747
2668
2748
2669
2749
2670
2750
2671
2751
2672
2752
2674
2675
2753
2676
2754
2677
2755
2678
2756
2679
2757
2680
2758
2681
2759
2682
2760
2683
2761
2684
2762
2685
2763
2686
2764
2687
2765
2688
2766
2689
2767
2690
2768
2691
2769
2692
2770
2693
2771
2694
2772
2695
2773
2696
2774
2697
2775
2698
2776
2699
2777
2700
2778
2702
2703
2704
2705
2706
2707
2708
2709
2710
2711
2712
2713
2714
2715
2716
2717
2718
2719
2720
2721
2722
2723
2724
2725
2726
2728
2729
2730
2731
2732
2733
2734
2735
2736
2737
2738
2739
2740
2741
2742
2743
2744
2745
2746
2747
2748
2749
2750
2751
2752
2754
2755
2756
2757
2758
2759
2760
2761
2762
2763
2764
2765
2766
2767
2768
2769
2770
2771
2772
2773
2774
2775
2776
2777
2778
2780
2906
2781
2907
2782
2908
2783
2909
2784
2910
2785
2911
2786
2912
2787
2913
2788
2914
2789
2915
2790
2916
2791
2917
2792
2918
2793
2919
2794
2920
2795
2921
2796
2922
2797
2923
2798
2924
2799
2925
2800
2926
2801
2927
2802
2928
2803
2929
2804
2930
2805
2931
2806
2932
2807
2933
2808
2934
2809
2935
2810
2936
2811
2812
2813
2937
2814
2938
2815
2939
2816
2940
2817
2941
2818
2942
2819
2943
2820
2944
2821
2945
2822
2946
2823
2947
2824
2948
2825
2949
2826
2950
2827
2951
2828
2952
2829
2953
2830
2954
2831
2955
2832
2956
2833
2957
2834
2958
2835
2959
2836
2960
2837
2961
2838
2962
2839
2963
2840
2964
2841
2965
2842
2966
2843
2844
2845
2967
2846
2968
2847
2969
2848
2970
2849
2971
2850
2972
2851
2973
2852
2974
2853
2975
2854
2976
2855
2977
2856
2978
2857
2979
2858
2980
2859
2981
2860
2982
2861
2983
2862
2984
2863
2985
2864
2986
2865
2987
2866
2988
2867
2989
2868
2990
2869
2991
2870
2992
2871
2993
2872
2994
2873
2995
2874
2996
2875
2876
2877
2997
2878
2998
2879
2999
2880
3000
2881
3001
2882
3002
2883
3003
2884
3004
2885
3005
2886
3006
2887
3007
2888
3008
2889
3009
2890
3010
2891
3011
2892
3012
2893
3013
2894
3014
2895
3015
2896
3016
2897
3017
2898
3018
2899
3019
2900
3020
2901
3021
2902
3022
2903
3023
2904
3024
2905
3025
2906
3026
2908
2909
3027
2910
3028
2911
3029
2912
3030
2913
3031
2914
3032
2915
3033
2916
3034
2917
3035
2918
3036
2919
3037
2920
3038
2921
3039
2922
3040
2923
3041
2924
3042
2925
3043
2926
3044
2927
3045
2928
3046
2929
3047
2930
3048
2931
3049
2932
3050
2933
3051
2934
3052
2935
3053
2936
3054
2938
2939
3055
2940
3056
2941
3057
2942
3058
2943
3059
2944
3060
2945
3061
2946
3062
2947
3063
2948
3064
2949
3065
2950
3066
2951
3067
2952
3068
2953
3069
2954
3070
2955
3071
2956
3072
2957
3073
2958
3074
2959
3075
2960
3076
2961
3077
2962
3078
2963
3079
2964
3080
2965
3081
2966
3082
2968
2969
3083
2970
3084
2971
3085
2972
3086
2973
3087
2974
3088
2975
3089
2976
3090
2977
3091
2978
3092
2979
3093
2980
3094
2981
3095
2982
3096
2983
3097
2984
3098
2985
3099
2986
3100
2987
3101
2988
3102
2989
3103
2990
3104
2991
3105
2992
3106
2993
3107
2994
3108
2995
3109
2996
3110
2998
2999
3000
3001
3002
3003
3004
3005
3006
3007
3008
3009
3010
3011
3012
3013
3014
3015
3016
3017
3018
3019
3020
3021
3022
3023
3024
3025
3026
3028
3029
3111
3030
3112
3031
3113
3032
3114
3033
3115
3034
3116
3035
3117
3036
3118
3037
3119
3038
3120
3039
3121
3040
3122
3041
3123
3042
3124
3043
3125
3044
3126
3045
3127
3046
3128
3047
3129
3048
3130
3049
3131
3050
3132
3051
3133
3052
3134
3053
3135
3054
3136
3056
3057
3137
3058
3138
3059
3139
3060
3140
3061
3141
3062
3142
3063
3143
3064
3144
3065
3145
3066
3146
3067
3147
3068
3148
3069
3149
3070
3150
3071
3151
3072
3152
3073
3153
3074
3154
3075
3155
3076
3156
3077
3157
3078
3158
3079
3159
3080
3160
3081
3161
3082
3162
3084
3085
3163
3086
3164
3087
3165
3088
3166
3089
3167
3090
3168
3091
3169
3092
3170
3093
3171
3094
3172
3095
3173
3096
3174
3097
3175
3098
3176
3099
3177
3100
3178
3101
3179
3102
3180
3103
3181
3104
3182
3105
3183
3106
3184
3107
3185
3108
3186
3109
3187
3110
3188
3112
3113
3114
3115
3116
3117
3118
3119
3120
3121
3122
3123
3124
3125
3126
3127
3128
3129
3130
3131
3132
3133
3134
3135
3136
3138
3139
3140
3141
3142
3143
3144
3145
3146
3147
3148
3149
3150
3151
3152
3153
3154
3155
3156
3157
3158
3159
3160
3161
3162
3164
3165
3166
3167
3168
3169
3170
3171
3172
3173
3174
3175
3176
3177
3178
3179
3180
3181
3182
3183
3184
3185
3186
3187
3188
)
