# shifted 32-segment circle
1.070000000000 0.030000000000
1.050785280403 0.225090322016
0.993879532511 0.412683432365
0.901469612303 0.585570233020
0.777106781187 0.737106781187
0.625570233020 0.861469612303
0.452683432365 0.953879532511
0.265090322016 1.010785280403
0.070000000000 1.030000000000
-0.125090322016 1.010785280403
-0.312683432365 0.953879532511
-0.485570233020 0.861469612303
-0.637106781187 0.737106781187
-0.761469612303 0.585570233020
-0.853879532511 0.412683432365
-0.910785280403 0.225090322016
-0.930000000000 0.030000000000
-0.910785280403 -0.165090322016
-0.853879532511 -0.352683432365
-0.761469612303 -0.525570233020
-0.637106781187 -0.677106781187
-0.485570233020 -0.801469612303
-0.312683432365 -0.893879532511
-0.125090322016 -0.950785280403
0.070000000000 -0.970000000000
0.265090322016 -0.950785280403
0.452683432365 -0.893879532511
0.625570233020 -0.801469612303
0.777106781187 -0.677106781187
0.901469612303 -0.525570233020
0.993879532511 -0.352683432365
1.050785280403 -0.165090322016
