# Concentric circular Couette geometry; Ri=.5, Ro=1, 64 facets each.
# FluidRegion2D::Interior; inner contour is a hole. Both loops are closed implicitly.
1 0
0.99518472667219693 0.098017140329560604
0.98078528040323043 0.19509032201612825
0.95694033573220882 0.29028467725446233
0.92387953251128674 0.38268343236508978
0.88192126434835505 0.47139673682599764
0.83146961230254524 0.55557023301960218
0.77301045336273699 0.63439328416364549
0.70710678118654757 0.70710678118654746
0.63439328416364549 0.77301045336273699
0.55557023301960229 0.83146961230254524
0.47139673682599781 0.88192126434835494
0.38268343236508984 0.92387953251128674
0.29028467725446233 0.95694033573220882
0.19509032201612833 0.98078528040323043
0.09801714032956077 0.99518472667219682
6.123233995736766e-17 1
-0.098017140329560645 0.99518472667219693
-0.19509032201612819 0.98078528040323043
-0.29028467725446216 0.95694033573220894
-0.38268343236508973 0.92387953251128674
-0.4713967368259977 0.88192126434835505
-0.55557023301960196 0.83146961230254535
-0.63439328416364538 0.7730104533627371
-0.70710678118654746 0.70710678118654757
-0.77301045336273699 0.63439328416364549
-0.83146961230254535 0.55557023301960218
-0.88192126434835494 0.47139673682599786
-0.92387953251128674 0.38268343236508989
-0.95694033573220882 0.29028467725446239
-0.98078528040323043 0.19509032201612861
-0.99518472667219682 0.098017140329560826
-1 1.2246467991473532e-16
-0.99518472667219693 -0.09801714032956059
-0.98078528040323043 -0.19509032201612836
-0.95694033573220894 -0.29028467725446211
-0.92387953251128685 -0.38268343236508967
-0.88192126434835505 -0.47139673682599764
-0.83146961230254546 -0.55557023301960196
-0.7730104533627371 -0.63439328416364527
-0.70710678118654768 -0.70710678118654746
-0.63439328416364582 -0.77301045336273666
-0.55557023301960218 -0.83146961230254524
-0.47139673682599792 -0.88192126434835494
-0.38268343236509034 -0.92387953251128652
-0.29028467725446244 -0.95694033573220882
-0.19509032201612866 -0.98078528040323032
-0.098017140329560451 -0.99518472667219693
-1.8369701987210297e-16 -1
0.09801714032956009 -0.99518472667219693
0.1950903220161283 -0.98078528040323043
0.29028467725446205 -0.95694033573220894
0.38268343236509 -0.92387953251128663
0.47139673682599759 -0.88192126434835505
0.55557023301960184 -0.83146961230254546
0.6343932841636456 -0.77301045336273688
0.70710678118654735 -0.70710678118654768
0.77301045336273666 -0.63439328416364593
0.83146961230254524 -0.55557023301960218
0.88192126434835483 -0.47139673682599798
0.92387953251128652 -0.38268343236509039
0.95694033573220882 -0.2902846772544625
0.98078528040323032 -0.19509032201612872
0.99518472667219693 -0.098017140329560506

0.5 0
0.49759236333609846 0.049008570164780302
0.49039264020161522 0.097545161008064124
0.47847016786610441 0.14514233862723117
0.46193976625564337 0.19134171618254489
0.44096063217417752 0.23569836841299882
0.41573480615127262 0.27778511650980109
0.3865052266813685 0.31719664208182274
0.35355339059327379 0.35355339059327373
0.31719664208182274 0.3865052266813685
0.27778511650980114 0.41573480615127262
0.2356983684129989 0.44096063217417747
0.19134171618254492 0.46193976625564337
0.14514233862723117 0.47847016786610441
0.097545161008064166 0.49039264020161522
0.049008570164780385 0.49759236333609841
3.061616997868383e-17 0.5
-0.049008570164780323 0.49759236333609846
-0.097545161008064096 0.49039264020161522
-0.14514233862723108 0.47847016786610447
-0.19134171618254486 0.46193976625564337
-0.23569836841299885 0.44096063217417752
-0.27778511650980098 0.41573480615127267
-0.31719664208182269 0.38650522668136855
-0.35355339059327373 0.35355339059327379
-0.3865052266813685 0.31719664208182274
-0.41573480615127267 0.27778511650980109
-0.44096063217417747 0.23569836841299893
-0.46193976625564337 0.19134171618254495
-0.47847016786610441 0.14514233862723119
-0.49039264020161522 0.097545161008064304
-0.49759236333609841 0.049008570164780413
-0.5 6.123233995736766e-17
-0.49759236333609846 -0.049008570164780295
-0.49039264020161522 -0.09754516100806418
-0.47847016786610447 -0.14514233862723105
-0.46193976625564342 -0.19134171618254484
-0.44096063217417752 -0.23569836841299882
-0.41573480615127273 -0.27778511650980098
-0.38650522668136855 -0.31719664208182263
-0.35355339059327384 -0.35355339059327373
-0.31719664208182291 -0.38650522668136833
-0.27778511650980109 -0.41573480615127262
-0.23569836841299896 -0.44096063217417747
-0.19134171618254517 -0.46193976625564326
-0.14514233862723122 -0.47847016786610441
-0.097545161008064332 -0.49039264020161516
-0.049008570164780225 -0.49759236333609846
-9.1848509936051484e-17 -0.5
0.049008570164780045 -0.49759236333609846
0.097545161008064152 -0.49039264020161522
0.14514233862723103 -0.47847016786610447
0.191341716182545 -0.46193976625564331
0.23569836841299879 -0.44096063217417752
0.27778511650980092 -0.41573480615127273
0.3171966420818228 -0.38650522668136844
0.35355339059327368 -0.35355339059327384
0.38650522668136833 -0.31719664208182297
0.41573480615127262 -0.27778511650980109
0.44096063217417741 -0.23569836841299899
0.46193976625564326 -0.1913417161825452
0.47847016786610441 -0.14514233862723125
0.49039264020161516 -0.09754516100806436
0.49759236333609846 -0.049008570164780253
