1.8000000000 0.0000000000
1.7961442373 0.2045793165
1.7845702479 0.2885999319
1.7652377367 0.3522579334
1.7380598905 0.4045923624
1.7029140370 0.4499471122
1.6596365212 0.4908202600
1.6080142877 0.5289122855
1.5477746898 0.5654072574
1.4785720257 0.6011177985
1.4009690735 0.6365612239
1.3154140554 0.6719966297
1.2222136977 0.7074370476
1.1214979948 0.7426468152
1.0131767105 0.7771373148
0.8978789896 0.8101625241
0.7768789824 0.8407286664
0.6510132224 0.8676225283
0.5216026844 0.8894716687
0.3903853070 0.9048366764
0.2594514480 0.9123454065
0.1301772038 0.9108848543
0.0031836643 0.8998482844
-0.1211429486 0.8793845522
-0.2423582058 0.8505668494
-0.3598741112 0.8153057257
-0.4733649055 0.7760071254
-0.5826213068 0.7351222196
-0.6874819372 0.6942685970
-0.7877931829 0.6533944653
-0.8833843607 0.6116229094
-0.9740541210 0.5681784095
-1.0595524533 0.5223013242
-1.1396530601 0.4731877721
-1.2140977364 0.4200082105
-1.2825922520 0.3619507075
-1.3448016265 0.2982654628
-1.4003420660 0.2283186438
-1.4487706902 0.1516655688
-1.4895723122 0.0681380484
-1.5221456383 -0.0220927264
-1.5457873950 -0.1186290095
-1.5596811638 -0.2202315560
-1.5628831410 -0.3245352705
-1.5543097799 -0.4280162987
-1.5327317207 -0.5250564892
-1.4967828517 -0.6089806640
-1.4459912681 -0.6730523678
-1.3808345544 -0.7130262137
-1.3027990969 -0.7281178359
-1.2144337921 -0.7229951242
-1.1193934114 -0.7050876294
-1.0214647087 -0.6816920605
-0.9225282794 -0.6566645188
-0.8244698028 -0.6314073545
-0.7280686182 -0.6057382324
-0.6338974919 -0.5785006492
-0.5422465642 -0.5483801316
-0.4530779624 -0.5145546167
-0.3650365706 -0.4769519999
-0.2744255780 -0.4364465995
-0.1793186967 -0.3949345769
-0.0797298463 -0.3545916730
0.0222818569 -0.3167463257
0.1234488268 -0.2817541984
0.2207947025 -0.2488673761
0.3121100688 -0.2162453951
0.3973678092 -0.1813844980
0.4782280826 -0.1412338145
0.5551985580 -0.0937433615
0.6273269276 -0.0386162854
0.6921611306 0.0221716754
0.7467697712 0.0848665921
0.7890961213 0.1459081415
0.8189454254 0.2024770669
0.8377452478 0.2529527641
0.8478410886 0.2971594270
0.8516327236 0.3358820056
0.8510151237 0.3703058638
0.8472682273 0.4015861142
0.8411412610 0.4307167708
0.8331305621 0.4585812267
0.8235121577 0.4859096287
0.8123788904 0.5132344063
0.7996764870 0.5408428964
0.7852383869 0.5687459947
0.7688112238 0.5966661370
0.7500774488 0.6241167500
0.7286766030 0.6502586312
0.7042238497 0.6739006856
0.6763287220 0.6935371482
0.6446147572 0.7074672117
0.6087385126 0.7169976294
0.5684066112 0.7206387993
0.5233907254 0.7182416807
0.4735427610 0.7100438712
0.4188103574 0.6966125263
