1.0001676279 0.0025144186
0.9907330300 0.0058242964
0.9627470923 0.0153869668
0.9171650427 0.0301820136
0.8555774268 0.0487352047
0.7801889827 0.0693384859
0.6937667498 0.0901975157
0.5995567777 0.1094796465
0.5011763774 0.1253184132
0.4024864452 0.1358751668
0.3059187525 0.1389255506
0.2170214553 0.1328963676
0.1397303726 0.1179176419
0.0773497088 0.0951502527
0.0323685085 0.0665274088
0.0063600561 0.0342213801
0.0000000000 0.0000000000
0.0128546635 -0.0323229835
0.0437519590 -0.0592775074
0.0911806789 -0.0800723696
0.1531628462 -0.0939899724
0.2274083117 -0.1007982545
0.3113978152 -0.1010113779
0.4024232328 -0.0958758363
0.4988236226 -0.0864295243
0.5955335443 -0.0738156566
0.6889166826 -0.0596286264
0.7753812504 -0.0451964408
0.8515293544 -0.0315919467
0.9143045696 -0.0197356125
0.9611324402 -0.0104732225
0.9900522504 -0.0045535708
