1.0000000000 0.0000000000
0.7061654019 0.1404650319
0.9238795325 0.3826834324
0.5986581209 0.4000105678
0.7071067812 0.7071067812
0.4000105678 0.5986581209
0.3826834324 0.9238795325
0.1404650319 0.7061654019
0.0000000000 1.0000000000
-0.1404650319 0.7061654019
-0.3826834324 0.9238795325
-0.4000105678 0.5986581209
-0.7071067812 0.7071067812
-0.5986581209 0.4000105678
-0.9238795325 0.3826834324
-0.7061654019 0.1404650319
-1.0000000000 0.0000000000
-0.7061654019 -0.1404650319
-0.9238795325 -0.3826834324
-0.5986581209 -0.4000105678
-0.7071067812 -0.7071067812
-0.4000105678 -0.5986581209
-0.3826834324 -0.9238795325
-0.1404650319 -0.7061654019
-0.0000000000 -1.0000000000
0.1404650319 -0.7061654019
0.3826834324 -0.9238795325
0.4000105678 -0.5986581209
0.7071067812 -0.7071067812
0.5986581209 -0.4000105678
0.9238795325 -0.3826834324
0.7061654019 -0.1404650319
