1.0200000000 0.0000000000
0.9916831825 0.1972580495
0.9168084647 0.3797545002
0.8151597492 0.5446723309
0.6971067812 0.6971067812
0.5577379605 0.8347138458
0.3897545002 0.9409506003
0.1983345555 0.9970951435
0.0000000000 1.0000000000
-0.1918460885 0.9644754173
-0.3756123646 0.9068084647
-0.5534025055 0.8282253788
-0.7171067812 0.7171067812
-0.8477794754 0.5664681352
-0.9309506003 0.3856123646
-0.9698873783 0.1929225945
-0.9800000000 0.0000000000
-0.9698873783 -0.1929225945
-0.9309506003 -0.3856123646
-0.8477794754 -0.5664681352
-0.7171067812 -0.7171067812
-0.5534025055 -0.8282253788
-0.3756123646 -0.9068084647
-0.1918460885 -0.9644754173
-0.0000000000 -1.0000000000
0.1983345555 -0.9970951435
0.3897545002 -0.9409506003
0.5577379605 -0.8347138458
0.6971067812 -0.6971067812
0.8151597492 -0.5446723309
0.9168084647 -0.3797545002
0.9916831825 -0.1972580495
