1.0000838140 0.0012572093
0.9985566017 0.0015754293
0.9939837795 0.0025241288
0.9863917687 0.0040856378
0.9758245283 0.0062311946
0.9623434293 0.0089219195
0.9460270632 0.0121100680
0.9269709686 0.0157404659
0.9052872627 0.0197520210
0.8811041655 0.0240792054
0.8545654087 0.0286534168
0.8258295261 0.0334041465
0.7950690274 0.0382599125
0.7624694623 0.0431489486
0.7282283852 0.0479996712
0.6925542330 0.0527409802
0.6556651268 0.0573024690
0.6177876092 0.0616146347
0.5791553226 0.0656091834
0.5400076314 0.0692195115
0.5005881887 0.0723814288
0.4611434431 0.0750341546
0.4219210831 0.0771215817
0.3830322936 0.0785739353
0.3446797461 0.0791977890
0.3072885181 0.0789413185
0.2711056001 0.0778020118
0.2363705193 0.0757937770
0.2033130687 0.0729471518
0.1721511049 0.0693088734
0.1430884910 0.0649407383
0.1163132579 0.0599177238
0.0919960440 0.0543253977
0.0702888568 0.0482566987
0.0513241728 0.0418082211
0.0352143711 0.0350761797
0.0220514667 0.0281522681
0.0119070939 0.0211196379
0.0048326723 0.0140492317
0.0008596848 0.0069966873
0.0000000000 0.0000000000
0.0022229815 -0.0066890146
0.0074789871 -0.0128275393
0.0157229857 -0.0184043437
0.0268920170 -0.0234076363
0.0409060964 -0.0278262783
0.0576693030 -0.0316513471
0.0770709789 -0.0348778977
0.0989869616 -0.0375067539
0.1232807765 -0.0395461517
0.1498047278 -0.0410130688
0.1784008468 -0.0419340951
0.2089016790 -0.0423457394
0.2411309160 -0.0422941098
0.2749039001 -0.0418339601
0.3100280495 -0.0410271458
0.3463032595 -0.0399405831
0.3835223425 -0.0386438473
0.4216444519 -0.0371743027
0.4603974612 -0.0354444932
0.4994118113 -0.0334925399
0.5384514643 -0.0313733856
0.5772791425 -0.0291382259
0.6156577546 -0.0268333815
0.6533518676 -0.0244996440
0.6901291994 -0.0221720908
0.7257621145 -0.0198803260
0.7600291024 -0.0176490646
0.7927162249 -0.0154989571
0.8236185222 -0.0134475350
0.8525413725 -0.0115101588
0.8793018001 -0.0097008615
0.9037297316 -0.0080330014
0.9256691957 -0.0065196691
0.9449794610 -0.0051738245
0.9615361032 -0.0040081752
0.9752319880 -0.0030348364
0.9859781517 -0.0022648386
0.9937045611 -0.0017075620
0.9983607320 -0.0013701822
