-3.0000000000 -0.9800000000
-2.8500000000 -0.9569494843
-2.7000000000 -0.9318373471
-2.5500000000 -0.9047808481
-2.4000000000 -0.8759722093
-2.2500000000 -0.8456738816
-2.1000000000 -0.8142120828
-1.9500000000 -0.7819687650
-1.8000000000 -0.7493722093
-1.6500000000 -0.7168864805
-1.5000000000 -0.6850000000
-1.3500000000 -0.6542135195
-1.2000000000 -0.6250277907
-1.0500000000 -0.5979312350
-0.9000000000 -0.5733879172
-0.7500000000 -0.5518261184
-0.6000000000 -0.5336277907
-0.4500000000 -0.5191191519
-0.3000000000 -0.5085626529
-0.1500000000 -0.5021505157
0.0000000000 -0.5000000000
0.1500000000 -0.5021505157
0.3000000000 -0.5085626529
0.4500000000 -0.5191191519
0.6000000000 -0.5336277907
0.7500000000 -0.5518261184
0.9000000000 -0.5733879172
1.0500000000 -0.5979312350
1.2000000000 -0.6250277907
1.3500000000 -0.6542135195
1.5000000000 -0.6850000000
1.6500000000 -0.7168864805
1.8000000000 -0.7493722093
1.9500000000 -0.7819687650
2.1000000000 -0.8142120828
2.2500000000 -0.8456738816
2.4000000000 -0.8759722093
2.5500000000 -0.9047808481
2.7000000000 -0.9318373471
2.8500000000 -0.9569494843
3.0000000000 -0.9800000000
3.0000000000 0.9800000000
2.8500000000 0.9569494843
2.7000000000 0.9318373471
2.5500000000 0.9047808481
2.4000000000 0.8759722093
2.2500000000 0.8456738816
2.1000000000 0.8142120828
1.9500000000 0.7819687650
1.8000000000 0.7493722093
1.6500000000 0.7168864805
1.5000000000 0.6850000000
1.3500000000 0.6542135195
1.2000000000 0.6250277907
1.0500000000 0.5979312350
0.9000000000 0.5733879172
0.7500000000 0.5518261184
0.6000000000 0.5336277907
0.4500000000 0.5191191519
0.3000000000 0.5085626529
0.1500000000 0.5021505157
0.0000000000 0.5000000000
-0.1500000000 0.5021505157
-0.3000000000 0.5085626529
-0.4500000000 0.5191191519
-0.6000000000 0.5336277907
-0.7500000000 0.5518261184
-0.9000000000 0.5733879172
-1.0500000000 0.5979312350
-1.2000000000 0.6250277907
-1.3500000000 0.6542135195
-1.5000000000 0.6850000000
-1.6500000000 0.7168864805
-1.8000000000 0.7493722093
-1.9500000000 0.7819687650
-2.1000000000 0.8142120828
-2.2500000000 0.8456738816
-2.4000000000 0.8759722093
-2.5500000000 0.9047808481
-2.7000000000 0.9318373471
-2.8500000000 0.9569494843
-3.0000000000 0.9800000000
