0.0000000000 -0.3500000000
0.2500000000 -0.1715802497
0.5000000000 -0.0352883314
0.7500000000 0.0319977022
1.0000000000 0.0274992657
1.2500000000 -0.0286320122
1.5000000000 -0.1037763597
1.7500000000 -0.1678671795
2.0000000000 -0.2063196253
2.2500000000 -0.2252192097
2.5000000000 -0.2466027083
2.7500000000 -0.2960842163
3.0000000000 -0.3884953779
3.2500000000 -0.5181170002
3.5000000000 -0.6580778442
3.7500000000 -0.7694620407
4.0000000000 -0.8163699607
4.2500000000 -0.7805063353
4.5000000000 -0.6690008294
4.7500000000 -0.5120492484
5.0000000000 -0.3513412932
5.2500000000 -0.2242010050
5.5000000000 -0.1501790646
5.7500000000 -0.1257127814
6.0000000000 -0.1289068860
6.0000000000 0.5710931140
5.7500000000 0.5742872186
5.5000000000 0.5498209354
5.2500000000 0.4757989950
5.0000000000 0.3486587068
4.7500000000 0.1879507516
4.5000000000 0.0309991706
4.2500000000 -0.0805063353
4.0000000000 -0.1163699607
3.7500000000 -0.0694620407
3.5000000000 0.0419221558
3.2500000000 0.1818829998
3.0000000000 0.3115046221
2.7500000000 0.4039157837
2.5000000000 0.4533972917
2.2500000000 0.4747807903
2.0000000000 0.4936803747
1.7500000000 0.5321328205
1.5000000000 0.5962236403
1.2500000000 0.6713679878
1.0000000000 0.7274992657
0.7500000000 0.7319977022
0.5000000000 0.6647116686
0.2500000000 0.5284197503
0.0000000000 0.3500000000
