1.8000000000 0.0000000000
1.7690674598 0.4069940895
1.6750887464 0.5656854249
1.5136135475 0.6727171322
1.2727922061 0.7444838873
0.9157367013 0.7862522043
0.0000000141 0.8000000000
-0.9157367013 0.7862522043
-1.2727922061 0.7444838873
-1.5136135475 0.6727171322
-1.6750887464 0.5656854249
-1.7690674598 0.4069940895
-1.8000000000 0.0000000089
-1.7690674598 -0.4069940895
-1.6750887464 -0.5656854249
-1.5136135475 -0.6727171322
-1.2727922061 -0.7444838873
-0.9157367013 -0.7862522043
-0.0000000244 -0.8000000000
0.9157367013 -0.7862522043
1.2727922061 -0.7444838873
1.5136135475 -0.6727171322
1.6750887464 -0.5656854249
1.7690674598 -0.4069940895
