1 0
0.99998117528260111 0.0061358846491544753
0.9999247018391445 0.012271538285719925
0.9998305817958234 0.01840672990580482
0.99969881869620425 0.024541228522912288
0.99952941750109314 0.030674803176636626
0.99932238458834954 0.036807222941358832
0.99907772775264536 0.04293825693494082
0.99879545620517241 0.049067674327418015
0.99847558057329477 0.055195244349689941
0.99811811290014918 0.061320736302208578
0.99772306664419164 0.067443919563664051
0.99729045667869021 0.073564563599667426
0.99682029929116567 0.079682437971430126
0.996312612182778 0.085797312344439894
0.99576741446765982 0.091908956497132724
0.99518472667219693 0.098017140329560604
0.99456457073425542 0.10412163387205459
0.99390697000235606 0.11022220729388306
0.9932119492347945 0.11631863091190475
0.99247953459870997 0.1224106751992162
0.99170975366909953 0.12849811079379317
0.99090263542778001 0.13458070850712617
0.99005821026229712 0.14065823933284921
0.98917650996478101 0.14673047445536175
0.98825756773074946 0.15279718525844344
0.98730141815785843 0.15885814333386145
0.98630809724459867 0.16491312048996992
0.98527764238894122 0.17096188876030122
0.98421009238692903 0.17700422041214875
0.98310548743121629 0.18303988795514095
0.98196386910955524 0.18906866414980619
0.98078528040323043 0.19509032201612825
0.97956976568544052 0.2011046348420919
0.97831737071962765 0.20711137619221856
0.97702814265775439 0.21311031991609136
0.97570213003852857 0.2191012401568698
0.97433938278557586 0.22508391135979283
0.97293995220556018 0.23105810828067111
0.97150389098625178 0.2370236059943672
0.97003125319454397 0.24298017990326387
0.96852209427441738 0.24892760574572015
0.96697647104485207 0.25486565960451457
0.9653944416976894 0.26079411791527551
0.96377606579543984 0.26671275747489837
0.96212140426904158 0.27262135544994898
0.96043051941556579 0.27851968938505306
0.9587034748958716 0.28440753721127188
0.95694033573220882 0.29028467725446233
0.95514116830577078 0.29615088824362379
0.95330604035419386 0.30200594931922808
0.95143502096900834 0.30784964004153487
0.94952818059303667 0.31368174039889152
0.94758559101774109 0.31950203081601569
0.94560732538052128 0.32531029216226293
0.94359345816196039 0.33110630575987643
0.94154406518302081 0.33688985339222005
0.93945922360218992 0.34266071731199438
0.93733901191257496 0.34841868024943456
0.93518350993894761 0.35416352542049034
0.93299279883473896 0.35989503653498811
0.93076696107898371 0.36561299780477385
0.92850608047321559 0.37131719395183754
0.92621024213831138 0.37700741021641826
0.92387953251128674 0.38268343236508978
0.9215140393420419 0.38834504669882625
0.91911385169005777 0.3939920400610481
0.9166790599210427 0.39962419984564679
0.91420975570353069 0.40524131400498986
0.91170603200542988 0.41084317105790391
0.90916798309052238 0.41642956009763715
0.90659570451491533 0.42200027079979968
0.90398929312344334 0.42755509343028208
0.90134884704602203 0.43309381885315196
0.89867446569395382 0.43861623853852766
0.89596624975618522 0.4441221445704292
0.89322430119551532 0.44961132965460654
0.89044872324475788 0.45508358712634384
0.88763962040285393 0.46053871095824001
0.88479709843093779 0.46597649576796618
0.88192126434835505 0.47139673682599764
0.87901222642863353 0.47679923006332209
0.8760700941954066 0.48218377207912272
0.87309497841829009 0.487550160148436
0.87008699110871146 0.49289819222978404
0.86704624551569265 0.49822766697278187
0.8639728561215867 0.50353838372571758
0.86086693863776731 0.50883014254310699
0.85772861000027212 0.51410274419322166
0.85455798836540053 0.51935599016558964
0.8513551931052652 0.52458968267846895
0.84812034480329723 0.52980362468629461
0.84485356524970712 0.53499761988709715
0.84155497743689844 0.54017147272989285
0.83822470555483808 0.54532498842204646
0.83486287498638001 0.55045797293660481
0.83146961230254524 0.55557023301960218
0.8280450452577558 0.56066157619733603
0.82458930278502529 0.56573181078361312
0.82110251499110465 0.57078074588696726
0.81758481315158371 0.57580819141784534
0.81403632970594841 0.58081395809576453
0.81045719825259477 0.58579785745643886
0.80684755354379933 0.59075970185887416
0.80320753148064494 0.59569930449243336
0.79953726910790501 0.60061647938386897
0.79583690460888357 0.60551104140432555
0.79210657730021239 0.61038280627630948
0.78834642762660623 0.61523159058062682
0.78455659715557524 0.6200572117632891
0.78073722857209449 0.62485948814238634
0.77688846567323244 0.62963823891492698
0.77301045336273699 0.63439328416364549
0.7691033376455797 0.63912444486377573
0.76516726562245896 0.64383154288979139
0.76120238548426178 0.64851440102211244
0.75720884650648457 0.65317284295377676
0.75318679904361252 0.65780669329707864
0.74913639452345937 0.66241577759017178
0.74505778544146595 0.66699992230363747
0.74095112535495922 0.67155895484701833
0.73681656887736979 0.67609270357531592
0.73265427167241282 0.68060099779545302
0.7284643904482252 0.68508366777270036
0.724247082951467 0.68954054473706683
0.72000250796138165 0.693971460889654
0.71573082528381871 0.69837624940897292
0.71143219574521643 0.7027547444572253
0.70710678118654757 0.70710678118654746
0.7027547444572253 0.71143219574521643
0.69837624940897292 0.71573082528381859
0.693971460889654 0.72000250796138165
0.68954054473706694 0.72424708295146689
0.68508366777270036 0.7284643904482252
0.68060099779545302 0.73265427167241282
0.67609270357531603 0.73681656887736979
0.67155895484701833 0.74095112535495911
0.66699992230363747 0.74505778544146595
0.66241577759017178 0.74913639452345926
0.65780669329707864 0.75318679904361241
0.65317284295377687 0.75720884650648446
0.64851440102211255 0.76120238548426178
0.6438315428897915 0.76516726562245896
0.63912444486377573 0.76910333764557959
0.63439328416364549 0.77301045336273699
0.6296382389149271 0.77688846567323244
0.62485948814238645 0.78073722857209438
0.62005721176328921 0.78455659715557524
0.61523159058062682 0.78834642762660623
0.61038280627630948 0.79210657730021239
0.60551104140432555 0.79583690460888346
0.60061647938386897 0.79953726910790501
0.59569930449243347 0.80320753148064483
0.59075970185887416 0.80684755354379922
0.58579785745643886 0.81045719825259477
0.58081395809576453 0.8140363297059483
0.57580819141784534 0.81758481315158371
0.57078074588696737 0.82110251499110465
0.56573181078361323 0.82458930278502529
0.56066157619733603 0.82804504525775569
0.55557023301960229 0.83146961230254524
0.55045797293660481 0.83486287498638001
0.54532498842204646 0.83822470555483797
0.54017147272989297 0.84155497743689833
0.53499761988709726 0.84485356524970701
0.52980362468629483 0.84812034480329712
0.52458968267846884 0.8513551931052652
0.51935599016558953 0.85455798836540053
0.51410274419322166 0.85772861000027212
0.50883014254310699 0.86086693863776731
0.50353838372571758 0.8639728561215867
0.49822766697278187 0.86704624551569265
0.49289819222978409 0.87008699110871135
0.48755016014843605 0.87309497841829009
0.48218377207912283 0.8760700941954066
0.47679923006332225 0.87901222642863341
0.47139673682599781 0.88192126434835494
0.46597649576796613 0.88479709843093779
0.46053871095824001 0.88763962040285393
0.45508358712634384 0.89044872324475788
0.4496113296546066 0.89322430119551532
0.44412214457042926 0.89596624975618511
0.43861623853852771 0.89867446569395382
0.43309381885315201 0.90134884704602203
0.4275550934302822 0.90398929312344334
0.42200027079979979 0.90659570451491533
0.41642956009763732 0.90916798309052227
0.41084317105790391 0.91170603200542988
0.40524131400498986 0.91420975570353069
0.39962419984564679 0.9166790599210427
0.3939920400610481 0.91911385169005777
0.3883450466988263 0.9215140393420419
0.38268343236508984 0.92387953251128674
0.37700741021641831 0.92621024213831127
0.3713171939518376 0.92850608047321559
0.36561299780477396 0.93076696107898371
0.35989503653498828 0.93299279883473885
0.35416352542049051 0.9351835099389475
0.34841868024943451 0.93733901191257496
0.34266071731199438 0.93945922360218992
0.33688985339222005 0.94154406518302081
0.33110630575987643 0.94359345816196039
0.32531029216226298 0.94560732538052128
0.31950203081601575 0.94758559101774109
0.31368174039889157 0.94952818059303667
0.30784964004153498 0.95143502096900834
0.3020059493192282 0.95330604035419375
0.29615088824362396 0.95514116830577067
0.29028467725446233 0.95694033573220882
0.28440753721127182 0.9587034748958716
0.27851968938505306 0.96043051941556579
0.27262135544994898 0.96212140426904158
0.26671275747489842 0.96377606579543984
0.26079411791527557 0.9653944416976894
0.25486565960451463 0.96697647104485207
0.24892760574572026 0.96852209427441727
0.24298017990326398 0.97003125319454397
0.23702360599436734 0.97150389098625178
0.23105810828067128 0.97293995220556007
0.22508391135979278 0.97433938278557586
0.21910124015686977 0.97570213003852857
0.21311031991609136 0.97702814265775439
0.20711137619221856 0.97831737071962765
0.20110463484209196 0.97956976568544052
0.19509032201612833 0.98078528040323043
0.18906866414980628 0.98196386910955524
0.18303988795514106 0.98310548743121629
0.17700422041214886 0.98421009238692903
0.17096188876030136 0.98527764238894122
0.16491312048997009 0.98630809724459867
0.15885814333386139 0.98730141815785843
0.15279718525844341 0.98825756773074946
0.14673047445536175 0.98917650996478101
0.14065823933284924 0.99005821026229712
0.13458070850712622 0.99090263542778001
0.12849811079379322 0.99170975366909953
0.12241067519921628 0.99247953459870997
0.11631863091190488 0.9932119492347945
0.11022220729388318 0.99390697000235606
0.10412163387205473 0.99456457073425542
0.09801714032956077 0.99518472667219682
0.091908956497132696 0.99576741446765982
0.08579731234443988 0.996312612182778
0.079682437971430126 0.99682029929116567
0.073564563599667454 0.99729045667869021
0.067443919563664106 0.99772306664419164
0.061320736302208648 0.99811811290014918
0.055195244349690031 0.99847558057329477
0.049067674327418126 0.99879545620517241
0.042938256934940959 0.99907772775264536
0.036807222941358991 0.99932238458834954
0.030674803176636581 0.99952941750109314
0.024541228522912264 0.99969881869620425
0.01840672990580482 0.9998305817958234
0.012271538285719944 0.9999247018391445
0.0061358846491545152 0.99998117528260111
0 1
-0.0061358846491543929 0.99998117528260111
-0.012271538285719823 0.9999247018391445
-0.018406729905804695 0.9998305817958234
-0.024541228522912142 0.99969881869620425
-0.030674803176636459 0.99952941750109314
-0.036807222941358866 0.99932238458834954
-0.042938256934940834 0.99907772775264536
-0.049067674327418008 0.99879545620517241
-0.055195244349689913 0.99847558057329477
-0.06132073630220853 0.99811811290014918
-0.067443919563663982 0.99772306664419164
-0.073564563599667329 0.99729045667869021
-0.079682437971430015 0.99682029929116578
-0.085797312344439755 0.996312612182778
-0.091908956497132571 0.99576741446765982
-0.098017140329560645 0.99518472667219693
-0.1041216338720546 0.99456457073425542
-0.11022220729388306 0.99390697000235606
-0.11631863091190475 0.9932119492347945
-0.12241067519921615 0.99247953459870997
-0.12849811079379311 0.99170975366909953
-0.13458070850712611 0.99090263542778001
-0.14065823933284913 0.99005821026229712
-0.14673047445536164 0.98917650996478101
-0.1527971852584433 0.98825756773074946
-0.15885814333386128 0.98730141815785843
-0.16491312048996995 0.98630809724459867
-0.17096188876030124 0.98527764238894122
-0.17700422041214875 0.98421009238692903
-0.18303988795514092 0.98310548743121629
-0.18906866414980616 0.98196386910955524
-0.19509032201612819 0.98078528040323043
-0.20110463484209182 0.97956976568544052
-0.20711137619221845 0.97831737071962765
-0.21311031991609125 0.97702814265775439
-0.21910124015686966 0.97570213003852857
-0.22508391135979267 0.97433938278557586
-0.23105810828067114 0.97293995220556018
-0.23702360599436723 0.97150389098625178
-0.24298017990326387 0.97003125319454397
-0.24892760574572012 0.96852209427441738
-0.25486565960451452 0.96697647104485207
-0.26079411791527546 0.9653944416976894
-0.26671275747489831 0.96377606579543984
-0.27262135544994887 0.96212140426904158
-0.27851968938505295 0.9604305194155659
-0.28440753721127171 0.9587034748958716
-0.29028467725446216 0.95694033573220894
-0.29615088824362384 0.95514116830577067
-0.30200594931922808 0.95330604035419386
-0.30784964004153487 0.95143502096900834
-0.31368174039889141 0.94952818059303667
-0.31950203081601564 0.9475855910177412
-0.32531029216226287 0.94560732538052139
-0.33110630575987632 0.94359345816196039
-0.33688985339221994 0.94154406518302081
-0.34266071731199427 0.93945922360218992
-0.3484186802494344 0.93733901191257496
-0.3541635254204904 0.93518350993894761
-0.35989503653498817 0.93299279883473885
-0.36561299780477385 0.93076696107898371
-0.37131719395183749 0.92850608047321559
-0.3770074102164182 0.92621024213831138
-0.38268343236508973 0.92387953251128674
-0.38834504669882619 0.92151403934204201
-0.39399204006104799 0.91911385169005777
-0.39962419984564668 0.9166790599210427
-0.40524131400498975 0.91420975570353069
-0.4108431710579038 0.91170603200542988
-0.41642956009763699 0.90916798309052249
-0.42200027079979968 0.90659570451491533
-0.42755509343028186 0.90398929312344345
-0.43309381885315196 0.90134884704602203
-0.43861623853852738 0.89867446569395393
-0.44412214457042914 0.89596624975618522
-0.44961132965460671 0.89322430119551532
-0.45508358712634372 0.89044872324475799
-0.46053871095824006 0.88763962040285393
-0.46597649576796601 0.8847970984309379
-0.4713967368259977 0.88192126434835505
-0.47679923006332192 0.87901222642863353
-0.48218377207912277 0.8760700941954066
-0.48755016014843572 0.8730949784182902
-0.49289819222978398 0.87008699110871146
-0.49822766697278159 0.86704624551569276
-0.50353838372571746 0.86397285612158681
-0.5088301425431071 0.8608669386377672
-0.51410274419322166 0.85772861000027212
-0.51935599016558964 0.85455798836540053
-0.52458968267846873 0.8513551931052652
-0.52980362468629472 0.84812034480329723
-0.53499761988709704 0.84485356524970723
-0.54017147272989285 0.84155497743689844
-0.54532498842204624 0.83822470555483819
-0.55045797293660481 0.83486287498638012
-0.55557023301960196 0.83146961230254535
-0.56066157619733592 0.8280450452577558
-0.56573181078361334 0.82458930278502518
-0.57078074588696714 0.82110251499110476
-0.57580819141784534 0.81758481315158371
-0.58081395809576442 0.81403632970594841
-0.58579785745643886 0.81045719825259477
-0.59075970185887405 0.80684755354379945
-0.59569930449243336 0.80320753148064494
-0.60061647938386875 0.79953726910790524
-0.60551104140432543 0.79583690460888357
-0.61038280627630959 0.79210657730021228
-0.61523159058062682 0.78834642762660634
-0.62005721176328921 0.78455659715557513
-0.62485948814238623 0.7807372285720946
-0.6296382389149271 0.77688846567323244
-0.63439328416364538 0.7730104533627371
-0.63912444486377573 0.76910333764557959
-0.64383154288979128 0.76516726562245907
-0.64851440102211244 0.76120238548426189
-0.65317284295377653 0.75720884650648479
-0.65780669329707864 0.75318679904361252
-0.66241577759017189 0.74913639452345926
-0.66699992230363747 0.74505778544146606
-0.67155895484701844 0.74095112535495911
-0.67609270357531581 0.73681656887737002
-0.68060099779545313 0.73265427167241282
-0.68508366777270024 0.72846439044822531
-0.68954054473706694 0.72424708295146689
-0.69397146088965389 0.72000250796138177
-0.6983762494089728 0.71573082528381871
-0.70275474445722508 0.71143219574521666
-0.70710678118654746 0.70710678118654757
-0.71143219574521654 0.70275474445722519
-0.71573082528381859 0.69837624940897292
-0.72000250796138165 0.693971460889654
-0.72424708295146678 0.68954054473706705
-0.7284643904482252 0.68508366777270036
-0.7326542716724127 0.68060099779545324
-0.73681656887736979 0.67609270357531592
-0.74095112535495888 0.67155895484701855
-0.74505778544146595 0.66699992230363758
-0.74913639452345915 0.66241577759017201
-0.75318679904361241 0.65780669329707875
-0.75720884650648457 0.65317284295377676
-0.76120238548426167 0.64851440102211255
-0.76516726562245896 0.64383154288979139
-0.76910333764557948 0.63912444486377584
-0.77301045336273699 0.63439328416364549
-0.77688846567323233 0.62963823891492721
-0.78073722857209449 0.62485948814238645
-0.78455659715557502 0.62005721176328943
-0.78834642762660623 0.61523159058062693
-0.79210657730021217 0.6103828062763097
-0.79583690460888346 0.60551104140432566
-0.79953726910790512 0.60061647938386886
-0.80320753148064483 0.59569930449243347
-0.80684755354379933 0.59075970185887416
-0.81045719825259466 0.58579785745643898
-0.81403632970594841 0.58081395809576453
-0.8175848131515836 0.57580819141784545
-0.82110251499110465 0.57078074588696737
-0.82458930278502507 0.56573181078361345
-0.82804504525775569 0.56066157619733614
-0.83146961230254535 0.55557023301960218
-0.83486287498638001 0.55045797293660492
-0.83822470555483808 0.54532498842204635
-0.84155497743689833 0.54017147272989297
-0.84485356524970712 0.53499761988709715
-0.84812034480329712 0.52980362468629483
-0.85135519310526508 0.52458968267846895
-0.85455798836540042 0.51935599016558975
-0.85772861000027201 0.51410274419322177
-0.86086693863776709 0.50883014254310732
-0.8639728561215867 0.50353838372571769
-0.86704624551569265 0.49822766697278176
-0.87008699110871135 0.49289819222978415
-0.87309497841829009 0.48755016014843588
-0.87607009419540649 0.48218377207912289
-0.87901222642863353 0.47679923006332209
-0.88192126434835494 0.47139673682599786
-0.88479709843093779 0.46597649576796618
-0.88763962040285382 0.46053871095824028
-0.89044872324475788 0.45508358712634389
-0.89322430119551521 0.44961132965460687
-0.89596624975618511 0.44412214457042931
-0.89867446569395393 0.43861623853852755
-0.90134884704602192 0.43309381885315212
-0.90398929312344334 0.42755509343028203
-0.90659570451491533 0.42200027079979985
-0.90916798309052238 0.41642956009763715
-0.91170603200542977 0.41084317105790413
-0.91420975570353069 0.40524131400498992
-0.91667905992104259 0.39962419984564707
-0.91911385169005766 0.39399204006104815
-0.92151403934204179 0.38834504669882658
-0.92387953251128674 0.38268343236508989
-0.92621024213831138 0.37700741021641815
-0.92850608047321548 0.37131719395183771
-0.93076696107898371 0.3656129978047738
-0.93299279883473885 0.35989503653498833
-0.93518350993894761 0.3541635254204904
-0.93733901191257485 0.34841868024943479
-0.93945922360218992 0.34266071731199443
-0.9415440651830207 0.33688985339222033
-0.94359345816196039 0.33110630575987648
-0.94560732538052128 0.32531029216226326
-0.94758559101774109 0.3195020308160158
-0.94952818059303667 0.31368174039889141
-0.95143502096900834 0.30784964004153503
-0.95330604035419386 0.30200594931922803
-0.95514116830577067 0.29615088824362401
-0.95694033573220882 0.29028467725446239
-0.95870347489587149 0.2844075372112721
-0.96043051941556579 0.27851968938505317
-0.96212140426904147 0.27262135544994925
-0.96377606579543984 0.26671275747489848
-0.96539444169768929 0.26079411791527585
-0.96697647104485207 0.25486565960451468
-0.96852209427441738 0.24892760574572009
-0.97003125319454397 0.24298017990326407
-0.97150389098625178 0.23702360599436717
-0.97293995220556007 0.23105810828067133
-0.97433938278557586 0.22508391135979283
-0.97570213003852846 0.21910124015687005
-0.97702814265775439 0.21311031991609142
-0.97831737071962754 0.20711137619221884
-0.97956976568544052 0.20110463484209201
-0.98078528040323043 0.19509032201612861
-0.98196386910955524 0.18906866414980636
-0.98310548743121629 0.1830398879551409
-0.98421009238692903 0.17700422041214894
-0.98527764238894122 0.17096188876030122
-0.98630809724459856 0.16491312048997014
-0.98730141815785843 0.15885814333386147
-0.98825756773074946 0.15279718525844369
-0.98917650996478101 0.1467304744553618
-0.99005821026229701 0.14065823933284954
-0.99090263542778001 0.13458070850712628
-0.99170975366909953 0.12849811079379309
-0.99247953459870997 0.12241067519921635
-0.9932119492347945 0.11631863091190471
-0.99390697000235606 0.11022220729388324
-0.99456457073425542 0.10412163387205457
-0.99518472667219682 0.098017140329560826
-0.99576741446765982 0.091908956497132752
-0.996312612182778 0.085797312344440158
-0.99682029929116567 0.079682437971430195
-0.99729045667869021 0.073564563599667732
-0.99772306664419164 0.067443919563664176
-0.99811811290014918 0.061320736302208488
-0.99847558057329477 0.055195244349690094
-0.99879545620517241 0.049067674327417966
-0.99907772775264536 0.042938256934941021
-0.99932238458834954 0.036807222941358832
-0.99952941750109314 0.030674803176636865
-0.99969881869620425 0.024541228522912326
-0.9998305817958234 0.018406729905805101
-0.9999247018391445 0.012271538285720007
-0.99998117528260111 0.0061358846491547988
-1 0
-0.99998117528260111 -0.0061358846491545542
-0.9999247018391445 -0.012271538285719762
-0.9998305817958234 -0.018406729905804858
-0.99969881869620425 -0.02454122852291208
-0.99952941750109314 -0.030674803176636619
-0.99932238458834954 -0.036807222941358582
-0.99907772775264536 -0.042938256934940779
-0.99879545620517241 -0.049067674327417724
-0.99847558057329477 -0.055195244349689851
-0.99811811290014918 -0.061320736302208245
-0.99772306664419164 -0.067443919563663926
-0.99729045667869021 -0.073564563599667496
-0.99682029929116578 -0.079682437971429945
-0.996312612182778 -0.085797312344439922
-0.99576741446765982 -0.091908956497132516
-0.99518472667219693 -0.09801714032956059
-0.99456457073425553 -0.10412163387205432
-0.99390697000235606 -0.110222207293883
-0.99321194923479461 -0.11631863091190447
-0.99247953459870997 -0.1224106751992161
-0.99170975366909953 -0.12849811079379284
-0.99090263542778001 -0.13458070850712606
-0.99005821026229712 -0.14065823933284929
-0.98917650996478101 -0.14673047445536158
-0.98825756773074946 -0.15279718525844344
-0.98730141815785843 -0.15885814333386122
-0.98630809724459867 -0.16491312048996989
-0.98527764238894133 -0.17096188876030097
-0.98421009238692914 -0.17700422041214869
-0.9831054874312164 -0.18303988795514065
-0.98196386910955524 -0.18906866414980611
-0.98078528040323043 -0.19509032201612836
-0.97956976568544052 -0.20110463484209176
-0.97831737071962765 -0.20711137619221859
-0.97702814265775439 -0.2131103199160912
-0.97570213003852857 -0.2191012401568698
-0.97433938278557586 -0.22508391135979261
-0.97293995220556018 -0.23105810828067108
-0.97150389098625189 -0.23702360599436695
-0.97003125319454397 -0.24298017990326382
-0.96852209427441738 -0.24892760574571987
-0.96697647104485218 -0.25486565960451446
-0.9653944416976894 -0.26079411791527563
-0.96377606579543995 -0.26671275747489825
-0.96212140426904158 -0.27262135544994903
-0.9604305194155659 -0.27851968938505289
-0.9587034748958716 -0.28440753721127182
-0.95694033573220894 -0.29028467725446211
-0.95514116830577078 -0.29615088824362379
-0.95330604035419397 -0.30200594931922781
-0.95143502096900845 -0.30784964004153481
-0.94952818059303679 -0.31368174039889118
-0.9475855910177412 -0.31950203081601558
-0.94560732538052128 -0.32531029216226298
-0.94359345816196039 -0.33110630575987626
-0.94154406518302081 -0.33688985339222005
-0.93945922360219003 -0.34266071731199421
-0.93733901191257496 -0.34841868024943456
-0.93518350993894772 -0.35416352542049012
-0.93299279883473896 -0.35989503653498811
-0.93076696107898382 -0.36561299780477358
-0.92850608047321559 -0.37131719395183743
-0.92621024213831149 -0.37700741021641793
-0.92387953251128685 -0.38268343236508967
-0.9215140393420419 -0.38834504669882636
-0.91911385169005777 -0.39399204006104793
-0.9166790599210427 -0.39962419984564684
-0.9142097557035308 -0.40524131400498964
-0.91170603200542988 -0.41084317105790391
-0.90916798309052249 -0.41642956009763693
-0.90659570451491545 -0.42200027079979963
-0.90398929312344345 -0.42755509343028181
-0.90134884704602203 -0.43309381885315185
-0.89867446569395404 -0.43861623853852733
-0.89596624975618522 -0.44412214457042909
-0.89322430119551532 -0.44961132965460665
-0.89044872324475799 -0.45508358712634367
-0.88763962040285393 -0.46053871095824006
-0.8847970984309379 -0.46597649576796596
-0.88192126434835505 -0.47139673682599764
-0.87901222642863364 -0.47679923006332192
-0.8760700941954066 -0.48218377207912266
-0.8730949784182902 -0.48755016014843566
-0.87008699110871146 -0.49289819222978393
-0.86704624551569287 -0.49822766697278154
-0.86397285612158681 -0.50353838372571746
-0.8608669386377672 -0.5088301425431071
-0.85772861000027223 -0.51410274419322155
-0.85455798836540053 -0.51935599016558964
-0.85135519310526531 -0.52458968267846873
-0.84812034480329723 -0.52980362468629461
-0.84485356524970723 -0.53499761988709693
-0.84155497743689844 -0.54017147272989285
-0.83822470555483819 -0.54532498842204613
-0.83486287498638012 -0.5504579729366047
-0.83146961230254546 -0.55557023301960196
-0.8280450452577558 -0.56066157619733592
-0.82458930278502529 -0.56573181078361323
-0.82110251499110476 -0.57078074588696714
-0.81758481315158371 -0.57580819141784534
-0.81403632970594852 -0.5808139580957643
-0.81045719825259477 -0.58579785745643886
-0.80684755354379945 -0.59075970185887394
-0.80320753148064494 -0.59569930449243325
-0.79953726910790524 -0.60061647938386864
-0.79583690460888368 -0.60551104140432543
-0.79210657730021228 -0.61038280627630948
-0.78834642762660634 -0.61523159058062671
-0.78455659715557524 -0.62005721176328921
-0.7807372285720946 -0.62485948814238623
-0.77688846567323244 -0.62963823891492698
-0.7730104533627371 -0.63439328416364527
-0.7691033376455797 -0.63912444486377573
-0.76516726562245907 -0.64383154288979128
-0.76120238548426189 -0.64851440102211233
-0.75720884650648479 -0.65317284295377653
-0.75318679904361263 -0.65780669329707853
-0.74913639452345926 -0.66241577759017178
-0.74505778544146606 -0.66699992230363736
-0.74095112535495911 -0.67155895484701844
-0.73681656887737002 -0.67609270357531581
-0.73265427167241293 -0.68060099779545302
-0.72846439044822531 -0.68508366777270013
-0.724247082951467 -0.68954054473706683
-0.72000250796138188 -0.69397146088965378
-0.71573082528381871 -0.6983762494089728
-0.71143219574521666 -0.70275474445722508
-0.70710678118654768 -0.70710678118654746
-0.7027547444572253 -0.71143219574521654
-0.69837624940897303 -0.71573082528381859
-0.693971460889654 -0.72000250796138165
-0.68954054473706705 -0.72424708295146678
-0.68508366777270036 -0.7284643904482252
-0.68060099779545324 -0.73265427167241259
-0.67609270357531603 -0.73681656887736979
-0.67155895484701866 -0.74095112535495888
-0.66699992230363758 -0.74505778544146595
-0.66241577759017201 -0.74913639452345904
-0.65780669329707875 -0.75318679904361241
-0.65317284295377709 -0.75720884650648435
-0.64851440102211222 -0.761202385484262
-0.6438315428897915 -0.76516726562245896
-0.63912444486377595 -0.76910333764557948
-0.63439328416364582 -0.77301045336273666
-0.62963823891492687 -0.77688846567323255
-0.62485948814238645 -0.78073722857209438
-0.62005721176328943 -0.78455659715557502
-0.61523159058062726 -0.78834642762660589
-0.61038280627630936 -0.79210657730021239
-0.60551104140432566 -0.79583690460888346
-0.60061647938386931 -0.79953726910790479
-0.59569930449243313 -0.80320753148064505
-0.59075970185887428 -0.80684755354379922
-0.58579785745643909 -0.81045719825259466
-0.58081395809576497 -0.81403632970594808
-0.57580819141784523 -0.81758481315158382
-0.57078074588696737 -0.82110251499110465
-0.56573181078361345 -0.82458930278502507
-0.56066157619733648 -0.82804504525775546
-0.55557023301960218 -0.83146961230254524
-0.55045797293660492 -0.83486287498638001
-0.5453249884220468 -0.83822470555483786
-0.54017147272989274 -0.84155497743689855
-0.53499761988709726 -0.84485356524970701
-0.52980362468629494 -0.84812034480329712
-0.52458968267846939 -0.85135519310526486
-0.51935599016558942 -0.85455798836540053
-0.51410274419322177 -0.85772861000027201
-0.50883014254310732 -0.86086693863776709
-0.50353838372571802 -0.86397285612158647
-0.49822766697278181 -0.86704624551569265
-0.4928981922297842 -0.87008699110871135
-0.48755016014843633 -0.87309497841828987
-0.48218377207912255 -0.87607009419540671
-0.47679923006332214 -0.87901222642863341
-0.47139673682599792 -0.88192126434835494
-0.46597649576796663 -0.88479709843093757
-0.46053871095823989 -0.88763962040285405
-0.45508358712634395 -0.89044872324475788
-0.44961132965460693 -0.8932243011955151
-0.44412214457042976 -0.89596624975618488
-0.4386162385385276 -0.89867446569395382
-0.43309381885315218 -0.90134884704602192
-0.42755509343028247 -0.90398929312344312
-0.42200027079979952 -0.90659570451491545
-0.41642956009763721 -0.90916798309052238
-0.41084317105790419 -0.91170603200542977
-0.40524131400499036 -0.91420975570353047
-0.39962419984564673 -0.9166790599210427
-0.39399204006104821 -0.91911385169005766
-0.38834504669882663 -0.92151403934204179
-0.38268343236509034 -0.92387953251128652
-0.3770074102164182 -0.92621024213831138
-0.37131719395183777 -0.92850608047321548
-0.3656129978047743 -0.9307669610789836
-0.359895036534988 -0.93299279883473896
-0.35416352542049045 -0.93518350993894761
-0.34841868024943484 -0.93733901191257485
-0.34266071731199488 -0.9394592236021897
-0.33688985339221994 -0.94154406518302081
-0.33110630575987654 -0.94359345816196027
-0.32531029216226331 -0.94560732538052117
-0.31950203081601541 -0.9475855910177412
-0.31368174039889146 -0.94952818059303667
-0.30784964004153509 -0.95143502096900834
-0.30200594931922853 -0.95330604035419375
-0.29615088824362368 -0.95514116830577078
-0.29028467725446244 -0.95694033573220882
-0.28440753721127215 -0.95870347489587149
-0.27851968938505361 -0.96043051941556568
-0.27262135544994887 -0.96212140426904158
-0.26671275747489853 -0.96377606579543984
-0.2607941179152759 -0.96539444169768929
-0.25486565960451435 -0.96697647104485218
-0.24892760574572015 -0.96852209427441727
-0.24298017990326412 -0.97003125319454397
-0.23702360599436767 -0.97150389098625167
-0.23105810828067094 -0.97293995220556018
-0.22508391135979292 -0.97433938278557586
-0.2191012401568701 -0.97570213003852846
-0.21311031991609192 -0.97702814265775428
-0.20711137619221848 -0.97831737071962765
-0.20110463484209207 -0.97956976568544052
-0.19509032201612866 -0.98078528040323032
-0.18906866414980597 -0.98196386910955535
-0.18303988795514095 -0.98310548743121629
-0.177004220412149 -0.98421009238692903
-0.17096188876030169 -0.98527764238894111
-0.16491312048996976 -0.98630809724459867
-0.15885814333386153 -0.98730141815785832
-0.15279718525844374 -0.98825756773074946
-0.1467304744553623 -0.9891765099647809
-0.14065823933284916 -0.99005821026229712
-0.13458070850712636 -0.99090263542778001
-0.12849811079379359 -0.99170975366909953
-0.12241067519921596 -0.99247953459871008
-0.11631863091190478 -0.9932119492347945
-0.11022220729388331 -0.99390697000235606
-0.10412163387205507 -0.99456457073425542
-0.098017140329560451 -0.99518472667219693
-0.091908956497132821 -0.99576741446765982
-0.085797312344440227 -0.996312612182778
-0.079682437971430695 -0.99682029929116567
-0.073564563599667357 -0.99729045667869021
-0.067443919563664231 -0.99772306664419164
-0.061320736302208995 -0.99811811290014918
-0.055195244349689712 -0.99847558057329477
-0.049067674327418029 -0.99879545620517241
-0.042938256934941084 -0.99907772775264536
-0.036807222941359331 -0.99932238458834943
-0.030674803176636484 -0.99952941750109314
-0.024541228522912389 -0.99969881869620425
-0.018406729905805164 -0.9998305817958234
-0.012271538285720512 -0.9999247018391445
-0.0061358846491544163 -0.99998117528260111
0 -1
0.0061358846491540485 -0.99998117528260111
0.012271538285720144 -0.9999247018391445
0.018406729905804796 -0.9998305817958234
0.024541228522912021 -0.99969881869620425
0.030674803176636116 -0.99952941750109314
0.036807222941358964 -0.99932238458834954
0.042938256934940716 -0.99907772775264536
0.049067674327417661 -0.99879545620517241
0.055195244349689344 -0.99847558057329477
0.061320736302208627 -0.99811811290014918
0.067443919563663871 -0.99772306664419164
0.073564563599666982 -0.99729045667869021
0.079682437971430334 -0.99682029929116567
0.085797312344439852 -0.996312612182778
0.091908956497132446 -0.99576741446765982
0.09801714032956009 -0.99518472667219693
0.1041216338720547 -0.99456457073425542
0.11022220729388293 -0.99390697000235606
0.11631863091190441 -0.99321194923479461
0.1224106751992156 -0.99247953459871008
0.12849811079379322 -0.99170975366909953
0.13458070850712597 -0.99090263542778001
0.14065823933284879 -0.99005821026229712
0.14673047445536194 -0.9891765099647809
0.15279718525844338 -0.98825756773074946
0.15885814333386117 -0.98730141815785843
0.16491312048996939 -0.98630809724459878
0.17096188876030133 -0.98527764238894122
0.17700422041214864 -0.98421009238692914
0.18303988795514059 -0.9831054874312164
0.18906866414980561 -0.98196386910955535
0.1950903220161283 -0.98078528040323043
0.20110463484209171 -0.97956976568544063
0.20711137619221812 -0.97831737071962777
0.21311031991609156 -0.97702814265775428
0.21910124015686974 -0.97570213003852857
0.22508391135979255 -0.97433938278557597
0.23105810828067058 -0.97293995220556029
0.23702360599436731 -0.97150389098625178
0.24298017990326376 -0.97003125319454397
0.24892760574571979 -0.96852209427441738
0.25486565960451396 -0.96697647104485229
0.26079411791527551 -0.9653944416976894
0.2667127574748982 -0.96377606579543995
0.27262135544994853 -0.96212140426904169
0.27851968938505328 -0.96043051941556579
0.28440753721127177 -0.9587034748958716
0.29028467725446205 -0.95694033573220894
0.29615088824362329 -0.95514116830577089
0.30200594931922814 -0.95330604035419386
0.30784964004153476 -0.95143502096900845
0.31368174039889113 -0.94952818059303679
0.31950203081601508 -0.94758559101774131
0.32531029216226293 -0.94560732538052128
0.33110630575987621 -0.94359345816196039
0.33688985339221961 -0.94154406518302092
0.34266071731199454 -0.93945922360218981
0.34841868024943451 -0.93733901191257496
0.35416352542049007 -0.93518350993894772
0.35989503653498761 -0.93299279883473907
0.36561299780477396 -0.93076696107898371
0.37131719395183738 -0.92850608047321559
0.37700741021641787 -0.92621024213831149
0.38268343236509 -0.92387953251128663
0.3883450466988263 -0.9215140393420419
0.39399204006104788 -0.91911385169005788
0.3996241998456464 -0.91667905992104282
0.40524131400499003 -0.91420975570353058
0.41084317105790386 -0.91170603200542988
0.41642956009763687 -0.90916798309052249
0.42200027079979918 -0.90659570451491556
0.42755509343028214 -0.90398929312344334
0.43309381885315179 -0.90134884704602214
0.43861623853852727 -0.89867446569395404
0.44412214457042942 -0.895966249756185
0.4496113296546066 -0.89322430119551532
0.45508358712634361 -0.89044872324475799
0.46053871095823962 -0.88763962040285416
0.46597649576796629 -0.88479709843093768
0.47139673682599759 -0.88192126434835505
0.47679923006332187 -0.87901222642863364
0.48218377207912222 -0.87607009419540693
0.487550160148436 -0.87309497841829009
0.49289819222978387 -0.87008699110871146
0.49822766697278148 -0.86704624551569287
0.5035383837257178 -0.86397285612158659
0.50883014254310699 -0.86086693863776731
0.51410274419322155 -0.85772861000027223
0.5193559901655892 -0.85455798836540076
0.52458968267846906 -0.85135519310526508
0.52980362468629461 -0.84812034480329734
0.53499761988709693 -0.84485356524970723
0.54017147272989241 -0.84155497743689878
0.54532498842204646 -0.83822470555483797
0.5504579729366047 -0.83486287498638012
0.55557023301960184 -0.83146961230254546
0.56066157619733625 -0.82804504525775569
0.56573181078361323 -0.82458930278502529
0.57078074588696703 -0.82110251499110476
0.57580819141784489 -0.81758481315158393
0.58081395809576464 -0.8140363297059483
0.58579785745643875 -0.81045719825259488
0.59075970185887394 -0.80684755354379945
0.59569930449243291 -0.80320753148064528
0.60061647938386897 -0.79953726910790501
0.60551104140432532 -0.79583690460888368
0.61038280627630914 -0.79210657730021261
0.61523159058062704 -0.78834642762660612
0.62005721176328921 -0.78455659715557524
0.62485948814238612 -0.78073722857209471
0.62963823891492665 -0.77688846567323278
0.6343932841636456 -0.77301045336273688
0.63912444486377562 -0.7691033376455797
0.64383154288979116 -0.76516726562245918
0.648514401022112 -0.76120238548426222
0.65317284295377676 -0.75720884650648457
0.65780669329707853 -0.75318679904361263
0.66241577759017145 -0.74913639452345959
0.66699992230363769 -0.74505778544146584
0.67155895484701844 -0.74095112535495911
0.6760927035753157 -0.73681656887737002
0.68060099779545269 -0.73265427167241315
0.68508366777270047 -0.72846439044822509
0.68954054473706683 -0.724247082951467
0.69397146088965378 -0.72000250796138188
0.69837624940897247 -0.71573082528381915
0.7027547444572253 -0.71143219574521643
0.70710678118654735 -0.70710678118654768
0.7114321957452161 -0.70275474445722563
0.71573082528381882 -0.69837624940897269
0.72000250796138154 -0.69397146088965411
0.72424708295146667 -0.68954054473706716
0.72846439044822475 -0.6850836677727008
0.73265427167241293 -0.68060099779545302
0.73681656887736979 -0.67609270357531603
0.74095112535495877 -0.67155895484701866
0.7450577854414655 -0.66699992230363803
0.74913639452345926 -0.66241577759017178
0.7531867990436123 -0.65780669329707886
0.75720884650648423 -0.65317284295377709
0.76120238548426189 -0.64851440102211233
0.76516726562245885 -0.6438315428897915
0.76910333764557948 -0.63912444486377595
0.77301045336273666 -0.63439328416364593
0.77688846567323255 -0.62963823891492698
0.78073722857209438 -0.62485948814238645
0.78455659715557502 -0.62005721176328954
0.78834642762660589 -0.61523159058062737
0.79210657730021239 -0.61038280627630948
0.79583690460888334 -0.60551104140432566
0.79953726910790479 -0.60061647938386931
0.80320753148064505 -0.59569930449243325
0.80684755354379922 -0.59075970185887428
0.81045719825259466 -0.58579785745643909
0.81403632970594808 -0.58081395809576497
0.81758481315158371 -0.57580819141784523
0.82110251499110454 -0.57078074588696737
0.82458930278502507 -0.56573181078361356
0.82804504525775535 -0.56066157619733659
0.83146961230254524 -0.55557023301960218
0.8348628749863799 -0.55045797293660503
0.83822470555483775 -0.5453249884220468
0.84155497743689844 -0.54017147272989274
0.84485356524970701 -0.53499761988709726
0.84812034480329712 -0.52980362468629494
0.85135519310526486 -0.52458968267846939
0.85455798836540053 -0.51935599016558953
0.85772861000027201 -0.51410274419322188
0.86086693863776709 -0.50883014254310743
0.86397285612158636 -0.50353838372571813
0.86704624551569265 -0.49822766697278187
0.87008699110871124 -0.49289819222978426
0.87309497841828987 -0.48755016014843638
0.87607009419540671 -0.48218377207912261
0.87901222642863341 -0.4767992300633222
0.88192126434835483 -0.47139673682599798
0.88479709843093757 -0.46597649576796668
0.88763962040285393 -0.46053871095823995
0.89044872324475777 -0.455083587126344
0.8932243011955151 -0.44961132965460698
0.89596624975618488 -0.44412214457042981
0.89867446569395382 -0.43861623853852766
0.90134884704602192 -0.43309381885315223
0.90398929312344312 -0.42755509343028253
0.90659570451491545 -0.42200027079979957
0.90916798309052238 -0.41642956009763726
0.91170603200542966 -0.41084317105790424
0.91420975570353036 -0.40524131400499042
0.9166790599210427 -0.39962419984564679
0.91911385169005766 -0.39399204006104827
0.92151403934204179 -0.38834504669882669
0.92387953251128652 -0.38268343236509039
0.92621024213831138 -0.37700741021641826
0.92850608047321548 -0.37131719395183782
0.93076696107898349 -0.36561299780477435
0.93299279883473896 -0.35989503653498806
0.9351835099389475 -0.35416352542049051
0.93733901191257485 -0.3484186802494349
0.9394592236021897 -0.34266071731199493
0.94154406518302081 -0.33688985339222
0.94359345816196027 -0.3311063057598766
0.94560732538052117 -0.32531029216226337
0.9475855910177412 -0.31950203081601547
0.94952818059303667 -0.31368174039889152
0.95143502096900823 -0.30784964004153514
0.95330604035419364 -0.30200594931922858
0.95514116830577078 -0.29615088824362373
0.95694033573220882 -0.2902846772544625
0.95870347489587149 -0.28440753721127221
0.96043051941556568 -0.27851968938505367
0.96212140426904158 -0.27262135544994898
0.96377606579543984 -0.26671275747489859
0.96539444169768929 -0.26079411791527596
0.96697647104485218 -0.25486565960451441
0.96852209427441727 -0.2489276057457202
0.97003125319454397 -0.24298017990326418
0.97150389098625167 -0.23702360599436773
0.97293995220556018 -0.231058108280671
0.97433938278557586 -0.22508391135979297
0.97570213003852846 -0.21910124015687016
0.97702814265775417 -0.21311031991609197
0.97831737071962765 -0.20711137619221853
0.97956976568544052 -0.20110463484209212
0.98078528040323032 -0.19509032201612872
0.98196386910955524 -0.18906866414980603
0.98310548743121629 -0.18303988795514101
0.98421009238692903 -0.17700422041214905
0.98527764238894111 -0.17096188876030177
0.98630809724459867 -0.16491312048996981
0.98730141815785832 -0.15885814333386158
0.98825756773074946 -0.1527971852584438
0.9891765099647809 -0.14673047445536239
0.99005821026229712 -0.14065823933284921
0.99090263542778001 -0.13458070850712642
0.99170975366909941 -0.12849811079379364
0.99247953459870997 -0.12241067519921603
0.9932119492347945 -0.11631863091190484
0.99390697000235606 -0.11022220729388336
0.99456457073425542 -0.10412163387205513
0.99518472667219693 -0.098017140329560506
0.99576741446765982 -0.091908956497132877
0.996312612182778 -0.085797312344440282
0.99682029929116567 -0.07968243797143075
0.99729045667869021 -0.073564563599667412
0.99772306664419164 -0.067443919563664287
0.99811811290014918 -0.061320736302209057
0.99847558057329477 -0.055195244349689775
0.99879545620517241 -0.049067674327418091
0.99907772775264536 -0.042938256934941139
0.99932238458834943 -0.036807222941359394
0.99952941750109314 -0.030674803176636543
0.99969881869620425 -0.024541228522912448
0.9998305817958234 -0.018406729905805226
0.9999247018391445 -0.012271538285720572
0.99998117528260111 -0.006135884649154477

0.5 0
0.49999058764130055 0.0030679423245772376
0.49996235091957225 0.0061357691428599627
0.4999152908979117 0.0092033649529024101
0.49984940934810212 0.012270614261456144
0.49976470875054657 0.015337401588318313
0.49966119229417477 0.018403611470679416
0.49953886387632268 0.02146912846747041
0.4993977281025862 0.024533837163709007
0.49923779028664739 0.027597622174844971
0.49905905645007459 0.030660368151104289
0.49886153332209582 0.033721959781832025
0.4986452283393451 0.036782281799833713
0.49841014964558283 0.039841218985715063
0.498156306091389 0.042898656172219947
0.49788370723382991 0.045954478248566362
0.49759236333609846 0.049008570164780302
0.49728228536712771 0.052060816936027293
0.49695348500117803 0.05511110364694153
0.49660597461739725 0.058159315455952376
0.49623976729935498 0.061205337599608098
0.49585487683454976 0.064249055396896584
0.49545131771389 0.067290354253563084
0.49502910513114856 0.070329119666424605
0.49458825498239051 0.073365237227680874
0.49412878386537473 0.076398592629221718
0.49365070907892922 0.079429071666930723
0.49315404862229933 0.082456560244984961
0.49263882119447061 0.085480944380150609
0.49210504619346451 0.088502110206074375
0.49155274371560814 0.091519943977570475
0.49098193455477762 0.094534332074903096
0.49039264020161522 0.097545161008064124
0.48978488284272026 0.10055231742104595
0.48915868535981383 0.10355568809610928
0.4885140713288772 0.10655515995804568
0.48785106501926429 0.1095506200784349
0.48716969139278793 0.11254195567989642
0.48646997610278009 0.11552905414033555
0.48575194549312589 0.1185118029971836
0.48501562659727199 0.12149008995163194
0.48426104713720869 0.12446380287286007
0.48348823552242604 0.12743282980225729
0.4826972208488447 0.13039705895763776
0.48188803289771992 0.13335637873744918
0.48106070213452079 0.13631067772497449
0.48021525970778289 0.13925984469252653
0.4793517374479358 0.14220376860563594
0.47847016786610441 0.14514233862723117
0.47757058415288539 0.14807544412181189
0.47665302017709693 0.15100297465961404
0.47571751048450417 0.15392482002076743
0.47476409029651834 0.15684087019944576
0.47379279550887055 0.15975101540800785
0.47280366269026064 0.16265514608113146
0.47179672908098019 0.16555315287993821
0.4707720325915104 0.16844492669611003
0.46972961180109496 0.17133035865599719
0.46866950595628748 0.17420934012471728
0.46759175496947381 0.17708176271024517
0.46649639941736948 0.17994751826749406
0.46538348053949186 0.18280649890238693
0.46425304023660779 0.18565859697591877
0.46310512106915569 0.18850370510820913
0.46193976625564337 0.19134171618254489
0.46075701967102095 0.19417252334941312
0.45955692584502889 0.19699602003052405
0.45833952996052135 0.19981209992282339
0.45710487785176535 0.20262065700249493
0.45585301600271494 0.20542158552895196
0.45458399154526119 0.20821478004881858
0.45329785225745767 0.21100013539989984
0.45199464656172167 0.21377754671514104
0.45067442352301101 0.21654690942657598
0.44933723284697691 0.21930811926926383
0.44798312487809261 0.2220610722852146
0.44661215059775766 0.22480566482730327
0.44522436162237894 0.22754179356317192
0.44381981020142697 0.23026935547912
0.44239854921546889 0.23298824788398309
0.44096063217417752 0.23569836841299882
0.43950611321431676 0.23839961503166104
0.4380350470977033 0.24109188603956136
0.43654748920914505 0.243775080074218
0.43504349555435573 0.24644909611489202
0.43352312275784632 0.24911383348639093
0.43198642806079335 0.25176919186285879
0.43043346931888365 0.25441507127155349
0.42886430500013606 0.25705137209661083
0.42727899418270027 0.25967799508279482
0.4256775965526326 0.26229484133923447
0.42406017240164862 0.2649018123431473
0.42242678262485356 0.26749880994354858
0.42077748871844922 0.27008573636494643
0.41911235277741904 0.27266249421102323
0.41743143749319001 0.27522898646830241
0.41573480615127262 0.27778511650980109
0.4140225226288779 0.28033078809866802
0.41229465139251265 0.28286590539180656
0.41055125749555232 0.28539037294348363
0.40879240657579186 0.28790409570892267
0.40701816485297421 0.29040697904788226
0.40522859912629738 0.29289892872821943
0.40342377677189967 0.29537985092943708
0.40160376574032247 0.29784965224621668
0.39976863455395251 0.30030823969193449
0.39791845230444178 0.30275552070216277
0.39605328865010619 0.30519140313815474
0.39417321381330311 0.30761579529031341
0.39227829857778762 0.31002860588164455
0.39036861428604724 0.31242974407119317
0.38844423283661622 0.31481911945746349
0.3865052266813685 0.31719664208182274
0.38455166882278985 0.31956222243188787
0.38258363281122948 0.32191577144489569
0.38060119274213089 0.32425720051105622
0.37860442325324228 0.32658642147688838
0.37659339952180626 0.32890334664853932
0.37456819726172969 0.33120788879508589
0.37252889272073297 0.33349996115181874
0.37047556267747961 0.33577947742350917
0.3684082844386849 0.33804635178765796
0.36632713583620641 0.34030049889772651
0.3642321952241126 0.34254183388635018
0.3621235414757335 0.34477027236853341
0.36000125398069083 0.346985730444827
0.35786541264190935 0.34918812470448646
0.35571609787260822 0.35137737222861265
0.35355339059327379 0.35355339059327373
0.35137737222861265 0.35571609787260822
0.34918812470448646 0.3578654126419093
0.346985730444827 0.36000125398069083
0.34477027236853347 0.36212354147573345
0.34254183388635018 0.3642321952241126
0.34030049889772651 0.36632713583620641
0.33804635178765802 0.3684082844386849
0.33577947742350917 0.37047556267747955
0.33349996115181874 0.37252889272073297
0.33120788879508589 0.37456819726172963
0.32890334664853932 0.3765933995218062
0.32658642147688843 0.37860442325324223
0.32425720051105628 0.38060119274213089
0.32191577144489575 0.38258363281122948
0.31956222243188787 0.38455166882278979
0.31719664208182274 0.3865052266813685
0.31481911945746355 0.38844423283661622
0.31242974407119323 0.39036861428604719
0.3100286058816446 0.39227829857778762
0.30761579529031341 0.39417321381330311
0.30519140313815474 0.39605328865010619
0.30275552070216277 0.39791845230444173
0.30030823969193449 0.39976863455395251
0.29784965224621673 0.40160376574032242
0.29537985092943708 0.40342377677189961
0.29289892872821943 0.40522859912629738
0.29040697904788226 0.40701816485297415
0.28790409570892267 0.40879240657579186
0.28539037294348368 0.41055125749555232
0.28286590539180662 0.41229465139251265
0.28033078809866802 0.41402252262887784
0.27778511650980114 0.41573480615127262
0.27522898646830241 0.41743143749319001
0.27266249421102323 0.41911235277741898
0.27008573636494648 0.42077748871844917
0.26749880994354863 0.4224267826248535
0.26490181234314741 0.42406017240164856
0.26229484133923442 0.4256775965526326
0.25967799508279477 0.42727899418270027
0.25705137209661083 0.42886430500013606
0.25441507127155349 0.43043346931888365
0.25176919186285879 0.43198642806079335
0.24911383348639093 0.43352312275784632
0.24644909611489205 0.43504349555435567
0.24377508007421803 0.43654748920914505
0.24109188603956141 0.4380350470977033
0.23839961503166113 0.43950611321431671
0.2356983684129989 0.44096063217417747
0.23298824788398306 0.44239854921546889
0.23026935547912 0.44381981020142697
0.22754179356317192 0.44522436162237894
0.2248056648273033 0.44661215059775766
0.22206107228521463 0.44798312487809255
0.21930811926926386 0.44933723284697691
0.21654690942657601 0.45067442352301101
0.2137775467151411 0.45199464656172167
0.2110001353998999 0.45329785225745767
0.20821478004881866 0.45458399154526113
0.20542158552895196 0.45585301600271494
0.20262065700249493 0.45710487785176535
0.19981209992282339 0.45833952996052135
0.19699602003052405 0.45955692584502889
0.19417252334941315 0.46075701967102095
0.19134171618254492 0.46193976625564337
0.18850370510820916 0.46310512106915563
0.1856585969759188 0.46425304023660779
0.18280649890238698 0.46538348053949186
0.17994751826749414 0.46649639941736942
0.17708176271024526 0.46759175496947375
0.17420934012471725 0.46866950595628748
0.17133035865599719 0.46972961180109496
0.16844492669611003 0.4707720325915104
0.16555315287993821 0.47179672908098019
0.16265514608113149 0.47280366269026064
0.15975101540800787 0.47379279550887055
0.15684087019944579 0.47476409029651834
0.15392482002076749 0.47571751048450417
0.1510029746596141 0.47665302017709688
0.14807544412181198 0.47757058415288534
0.14514233862723117 0.47847016786610441
0.14220376860563591 0.4793517374479358
0.13925984469252653 0.48021525970778289
0.13631067772497449 0.48106070213452079
0.13335637873744921 0.48188803289771992
0.13039705895763778 0.4826972208488447
0.12743282980225731 0.48348823552242604
0.12446380287286013 0.48426104713720863
0.12149008995163199 0.48501562659727199
0.11851180299718367 0.48575194549312589
0.11552905414033564 0.48646997610278003
0.11254195567989639 0.48716969139278793
0.10955062007843488 0.48785106501926429
0.10655515995804568 0.4885140713288772
0.10355568809610928 0.48915868535981383
0.10055231742104598 0.48978488284272026
0.097545161008064166 0.49039264020161522
0.094534332074903138 0.49098193455477762
0.091519943977570531 0.49155274371560814
0.08850211020607443 0.49210504619346451
0.085480944380150678 0.49263882119447061
0.082456560244985044 0.49315404862229933
0.079429071666930695 0.49365070907892922
0.076398592629221704 0.49412878386537473
0.073365237227680874 0.49458825498239051
0.070329119666424619 0.49502910513114856
0.067290354253563112 0.49545131771389
0.064249055396896612 0.49585487683454976
0.061205337599608139 0.49623976729935498
0.058159315455952439 0.49660597461739725
0.055111103646941592 0.49695348500117803
0.052060816936027363 0.49728228536712771
0.049008570164780385 0.49759236333609841
0.045954478248566348 0.49788370723382991
0.04289865617221994 0.498156306091389
0.039841218985715063 0.49841014964558283
0.036782281799833727 0.4986452283393451
0.033721959781832053 0.49886153332209582
0.030660368151104324 0.49905905645007459
0.027597622174845016 0.49923779028664739
0.024533837163709063 0.4993977281025862
0.02146912846747048 0.49953886387632268
0.018403611470679496 0.49966119229417477
0.01533740158831829 0.49976470875054657
0.012270614261456132 0.49984940934810212
0.0092033649529024101 0.4999152908979117
0.0061357691428599722 0.49996235091957225
0.0030679423245772576 0.49999058764130055
0 0.5
-0.0030679423245771964 0.49999058764130055
-0.0061357691428599115 0.49996235091957225
-0.0092033649529023476 0.4999152908979117
-0.012270614261456071 0.49984940934810212
-0.01533740158831823 0.49976470875054657
-0.018403611470679433 0.49966119229417477
-0.021469128467470417 0.49953886387632268
-0.024533837163709004 0.4993977281025862
-0.027597622174844957 0.49923779028664739
-0.030660368151104265 0.49905905645007459
-0.033721959781831991 0.49886153332209582
-0.036782281799833665 0.4986452283393451
-0.039841218985715007 0.49841014964558289
-0.042898656172219878 0.498156306091389
-0.045954478248566286 0.49788370723382991
-0.049008570164780323 0.49759236333609846
-0.0520608169360273 0.49728228536712771
-0.05511110364694153 0.49695348500117803
-0.058159315455952376 0.49660597461739725
-0.061205337599608077 0.49623976729935498
-0.064249055396896557 0.49585487683454976
-0.067290354253563056 0.49545131771389
-0.070329119666424564 0.49502910513114856
-0.073365237227680818 0.49458825498239051
-0.076398592629221648 0.49412878386537473
-0.07942907166693064 0.49365070907892922
-0.082456560244984975 0.49315404862229933
-0.085480944380150622 0.49263882119447061
-0.088502110206074375 0.49210504619346451
-0.091519943977570462 0.49155274371560814
-0.094534332074903082 0.49098193455477762
-0.097545161008064096 0.49039264020161522
-0.10055231742104591 0.48978488284272026
-0.10355568809610922 0.48915868535981383
-0.10655515995804563 0.4885140713288772
-0.10955062007843483 0.48785106501926429
-0.11254195567989633 0.48716969139278793
-0.11552905414033557 0.48646997610278009
-0.11851180299718361 0.48575194549312589
-0.12149008995163194 0.48501562659727199
-0.12446380287286006 0.48426104713720869
-0.12743282980225726 0.48348823552242604
-0.13039705895763773 0.4826972208488447
-0.13335637873744915 0.48188803289771992
-0.13631067772497443 0.48106070213452079
-0.13925984469252647 0.48021525970778295
-0.14220376860563586 0.4793517374479358
-0.14514233862723108 0.47847016786610447
-0.14807544412181192 0.47757058415288534
-0.15100297465961404 0.47665302017709693
-0.15392482002076743 0.47571751048450417
-0.1568408701994457 0.47476409029651834
-0.15975101540800782 0.4737927955088706
-0.16265514608113144 0.4728036626902607
-0.16555315287993816 0.47179672908098019
-0.16844492669610997 0.4707720325915104
-0.17133035865599713 0.46972961180109496
-0.1742093401247172 0.46866950595628748
-0.1770817627102452 0.46759175496947381
-0.17994751826749408 0.46649639941736942
-0.18280649890238693 0.46538348053949186
-0.18565859697591874 0.46425304023660779
-0.1885037051082091 0.46310512106915569
-0.19134171618254486 0.46193976625564337
-0.1941725233494131 0.46075701967102101
-0.19699602003052399 0.45955692584502889
-0.19981209992282334 0.45833952996052135
-0.20262065700249487 0.45710487785176535
-0.2054215855289519 0.45585301600271494
-0.20821478004881849 0.45458399154526125
-0.21100013539989984 0.45329785225745767
-0.21377754671514093 0.45199464656172172
-0.21654690942657598 0.45067442352301101
-0.21930811926926369 0.44933723284697696
-0.22206107228521457 0.44798312487809261
-0.22480566482730335 0.44661215059775766
-0.22754179356317186 0.44522436162237899
-0.23026935547912003 0.44381981020142697
-0.23298824788398301 0.44239854921546895
-0.23569836841299885 0.44096063217417752
-0.23839961503166096 0.43950611321431676
-0.24109188603956139 0.4380350470977033
-0.24377508007421786 0.4365474892091451
-0.24644909611489199 0.43504349555435573
-0.2491138334863908 0.43352312275784638
-0.25176919186285873 0.4319864280607934
-0.25441507127155355 0.4304334693188836
-0.25705137209661083 0.42886430500013606
-0.25967799508279482 0.42727899418270027
-0.26229484133923436 0.4256775965526326
-0.26490181234314736 0.42406017240164862
-0.26749880994354852 0.42242678262485361
-0.27008573636494643 0.42077748871844922
-0.27266249421102312 0.41911235277741909
-0.27522898646830241 0.41743143749319006
-0.27778511650980098 0.41573480615127267
-0.28033078809866796 0.4140225226288779
-0.28286590539180667 0.41229465139251259
-0.28539037294348357 0.41055125749555238
-0.28790409570892267 0.40879240657579186
-0.29040697904788221 0.40701816485297421
-0.29289892872821943 0.40522859912629738
-0.29537985092943703 0.40342377677189972
-0.29784965224621668 0.40160376574032247
-0.30030823969193438 0.39976863455395262
-0.30275552070216272 0.39791845230444178
-0.30519140313815479 0.39605328865010614
-0.30761579529031341 0.39417321381330317
-0.3100286058816446 0.39227829857778757
-0.31242974407119312 0.3903686142860473
-0.31481911945746355 0.38844423283661622
-0.31719664208182269 0.38650522668136855
-0.31956222243188787 0.38455166882278979
-0.32191577144489564 0.38258363281122953
-0.32425720051105622 0.38060119274213094
-0.32658642147688827 0.37860442325324239
-0.32890334664853932 0.37659339952180626
-0.33120788879508595 0.37456819726172963
-0.33349996115181874 0.37252889272073303
-0.33577947742350922 0.37047556267747955
-0.33804635178765791 0.36840828443868501
-0.34030049889772657 0.36632713583620641
-0.34254183388635012 0.36423219522411265
-0.34477027236853347 0.36212354147573345
-0.34698573044482695 0.36000125398069088
-0.3491881247044864 0.35786541264190935
-0.35137737222861254 0.35571609787260833
-0.35355339059327373 0.35355339059327379
-0.35571609787260827 0.35137737222861259
-0.3578654126419093 0.34918812470448646
-0.36000125398069083 0.346985730444827
-0.36212354147573339 0.34477027236853353
-0.3642321952241126 0.34254183388635018
-0.36632713583620635 0.34030049889772662
-0.3684082844386849 0.33804635178765796
-0.37047556267747944 0.33577947742350928
-0.37252889272073297 0.33349996115181879
-0.37456819726172957 0.331207888795086
-0.3765933995218062 0.32890334664853937
-0.37860442325324228 0.32658642147688838
-0.38060119274213083 0.32425720051105628
-0.38258363281122948 0.32191577144489569
-0.38455166882278974 0.31956222243188792
-0.3865052266813685 0.31719664208182274
-0.38844423283661617 0.3148191194574636
-0.39036861428604724 0.31242974407119323
-0.39227829857778751 0.31002860588164471
-0.39417321381330311 0.30761579529031347
-0.39605328865010608 0.30519140313815485
-0.39791845230444173 0.30275552070216283
-0.39976863455395256 0.30030823969193443
-0.40160376574032242 0.29784965224621673
-0.40342377677189967 0.29537985092943708
-0.40522859912629733 0.29289892872821949
-0.40701816485297421 0.29040697904788226
-0.4087924065757918 0.28790409570892272
-0.41055125749555232 0.28539037294348368
-0.41229465139251253 0.28286590539180673
-0.41402252262887784 0.28033078809866807
-0.41573480615127267 0.27778511650980109
-0.41743143749319001 0.27522898646830246
-0.41911235277741904 0.27266249421102318
-0.42077748871844917 0.27008573636494648
-0.42242678262485356 0.26749880994354858
-0.42406017240164856 0.26490181234314741
-0.42567759655263254 0.26229484133923447
-0.42727899418270021 0.25967799508279488
-0.428864305000136 0.25705137209661089
-0.43043346931888354 0.25441507127155366
-0.43198642806079335 0.25176919186285884
-0.43352312275784632 0.24911383348639088
-0.43504349555435567 0.24644909611489207
-0.43654748920914505 0.24377508007421794
-0.43803504709770325 0.24109188603956144
-0.43950611321431676 0.23839961503166104
-0.44096063217417747 0.23569836841299893
-0.44239854921546889 0.23298824788398309
-0.44381981020142691 0.23026935547912014
-0.44522436162237894 0.22754179356317195
-0.44661215059775761 0.22480566482730344
-0.44798312487809255 0.22206107228521466
-0.44933723284697696 0.21930811926926377
-0.45067442352301096 0.21654690942657606
-0.45199464656172167 0.21377754671514101
-0.45329785225745767 0.21100013539989992
-0.45458399154526119 0.20821478004881858
-0.45585301600271488 0.20542158552895207
-0.45710487785176535 0.20262065700249496
-0.4583395299605213 0.19981209992282353
-0.45955692584502883 0.19699602003052408
-0.4607570196710209 0.19417252334941329
-0.46193976625564337 0.19134171618254495
-0.46310512106915569 0.18850370510820907
-0.46425304023660774 0.18565859697591885
-0.46538348053949186 0.1828064989023869
-0.46649639941736942 0.17994751826749417
-0.46759175496947381 0.1770817627102452
-0.46866950595628742 0.17420934012471739
-0.46972961180109496 0.17133035865599722
-0.47077203259151035 0.16844492669611016
-0.47179672908098019 0.16555315287993824
-0.47280366269026064 0.16265514608113163
-0.47379279550887055 0.1597510154080079
-0.47476409029651834 0.1568408701994457
-0.47571751048450417 0.15392482002076752
-0.47665302017709693 0.15100297465961401
-0.47757058415288534 0.14807544412181201
-0.47847016786610441 0.14514233862723119
-0.47935173744793574 0.14220376860563605
-0.48021525970778289 0.13925984469252659
-0.48106070213452073 0.13631067772497463
-0.48188803289771992 0.13335637873744924
-0.48269722084884464 0.13039705895763792
-0.48348823552242604 0.12743282980225734
-0.48426104713720869 0.12446380287286005
-0.48501562659727199 0.12149008995163203
-0.48575194549312589 0.11851180299718359
-0.48646997610278003 0.11552905414033567
-0.48716969139278793 0.11254195567989642
-0.48785106501926423 0.10955062007843502
-0.4885140713288772 0.10655515995804571
-0.48915868535981377 0.10355568809610942
-0.48978488284272026 0.10055231742104601
-0.49039264020161522 0.097545161008064304
-0.49098193455477762 0.09453433207490318
-0.49155274371560814 0.091519943977570448
-0.49210504619346451 0.088502110206074472
-0.49263882119447061 0.085480944380150609
-0.49315404862229928 0.082456560244985072
-0.49365070907892922 0.079429071666930737
-0.49412878386537473 0.076398592629221843
-0.49458825498239051 0.073365237227680902
-0.49502910513114851 0.070329119666424772
-0.49545131771389 0.067290354253563139
-0.49585487683454976 0.064249055396896543
-0.49623976729935498 0.061205337599608174
-0.49660597461739725 0.058159315455952355
-0.49695348500117803 0.05511110364694162
-0.49728228536712771 0.052060816936027286
-0.49759236333609841 0.049008570164780413
-0.49788370723382991 0.045954478248566376
-0.498156306091389 0.042898656172220079
-0.49841014964558283 0.039841218985715098
-0.4986452283393451 0.036782281799833866
-0.49886153332209582 0.033721959781832088
-0.49905905645007459 0.030660368151104244
-0.49923779028664739 0.027597622174845047
-0.4993977281025862 0.024533837163708983
-0.49953886387632268 0.021469128467470511
-0.49966119229417477 0.018403611470679416
-0.49976470875054657 0.015337401588318433
-0.49984940934810212 0.012270614261456163
-0.4999152908979117 0.0092033649529025506
-0.49996235091957225 0.0061357691428600035
-0.49999058764130055 0.0030679423245773994
-0.5 0
-0.49999058764130055 -0.0030679423245772771
-0.49996235091957225 -0.0061357691428598812
-0.4999152908979117 -0.0092033649529024292
-0.49984940934810212 -0.01227061426145604
-0.49976470875054657 -0.01533740158831831
-0.49966119229417477 -0.018403611470679291
-0.49953886387632268 -0.021469128467470389
-0.4993977281025862 -0.024533837163708862
-0.49923779028664739 -0.027597622174844925
-0.49905905645007459 -0.030660368151104123
-0.49886153332209582 -0.033721959781831963
-0.4986452283393451 -0.036782281799833748
-0.49841014964558289 -0.039841218985714973
-0.498156306091389 -0.042898656172219961
-0.49788370723382991 -0.045954478248566258
-0.49759236333609846 -0.049008570164780295
-0.49728228536712776 -0.052060816936027161
-0.49695348500117803 -0.055111103646941502
-0.49660597461739731 -0.058159315455952237
-0.49623976729935498 -0.061205337599608049
-0.49585487683454976 -0.064249055396896418
-0.49545131771389 -0.067290354253563028
-0.49502910513114856 -0.070329119666424647
-0.49458825498239051 -0.073365237227680791
-0.49412878386537473 -0.076398592629221718
-0.49365070907892922 -0.079429071666930612
-0.49315404862229933 -0.082456560244984947
-0.49263882119447067 -0.085480944380150484
-0.49210504619346457 -0.088502110206074347
-0.4915527437156082 -0.091519943977570323
-0.49098193455477762 -0.094534332074903055
-0.49039264020161522 -0.09754516100806418
-0.48978488284272026 -0.10055231742104588
-0.48915868535981383 -0.10355568809610929
-0.4885140713288772 -0.1065551599580456
-0.48785106501926429 -0.1095506200784349
-0.48716969139278793 -0.1125419556798963
-0.48646997610278009 -0.11552905414033554
-0.48575194549312595 -0.11851180299718347
-0.48501562659727199 -0.12149008995163191
-0.48426104713720869 -0.12446380287285994
-0.48348823552242609 -0.12743282980225723
-0.4826972208488447 -0.13039705895763781
-0.48188803289771998 -0.13335637873744913
-0.48106070213452079 -0.13631067772497452
-0.48021525970778295 -0.13925984469252645
-0.4793517374479358 -0.14220376860563591
-0.47847016786610447 -0.14514233862723105
-0.47757058415288539 -0.14807544412181189
-0.47665302017709699 -0.1510029746596139
-0.47571751048450422 -0.15392482002076741
-0.47476409029651839 -0.15684087019944559
-0.4737927955088706 -0.15975101540800779
-0.47280366269026064 -0.16265514608113149
-0.47179672908098019 -0.16555315287993813
-0.4707720325915104 -0.16844492669611003
-0.46972961180109502 -0.17133035865599711
-0.46866950595628748 -0.17420934012471728
-0.46759175496947386 -0.17708176271024506
-0.46649639941736948 -0.17994751826749406
-0.46538348053949191 -0.18280649890238679
-0.46425304023660779 -0.18565859697591872
-0.46310512106915575 -0.18850370510820896
-0.46193976625564342 -0.19134171618254484
-0.46075701967102095 -0.19417252334941318
-0.45955692584502889 -0.19699602003052397
-0.45833952996052135 -0.19981209992282342
-0.4571048778517654 -0.20262065700249482
-0.45585301600271494 -0.20542158552895196
-0.45458399154526125 -0.20821478004881847
-0.45329785225745772 -0.21100013539989981
-0.45199464656172172 -0.2137775467151409
-0.45067442352301101 -0.21654690942657592
-0.44933723284697702 -0.21930811926926366
-0.44798312487809261 -0.22206107228521454
-0.44661215059775766 -0.22480566482730333
-0.44522436162237899 -0.22754179356317183
-0.44381981020142697 -0.23026935547912003
-0.44239854921546895 -0.23298824788398298
-0.44096063217417752 -0.23569836841299882
-0.43950611321431682 -0.23839961503166096
-0.4380350470977033 -0.24109188603956133
-0.4365474892091451 -0.24377508007421783
-0.43504349555435573 -0.24644909611489196
-0.43352312275784644 -0.24911383348639077
-0.4319864280607934 -0.25176919186285873
-0.4304334693188836 -0.25441507127155355
-0.42886430500013611 -0.25705137209661078
-0.42727899418270027 -0.25967799508279482
-0.42567759655263265 -0.26229484133923436
-0.42406017240164862 -0.2649018123431473
-0.42242678262485361 -0.26749880994354847
-0.42077748871844922 -0.27008573636494643
-0.41911235277741909 -0.27266249421102307
-0.41743143749319006 -0.27522898646830235
-0.41573480615127273 -0.27778511650980098
-0.4140225226288779 -0.28033078809866796
-0.41229465139251265 -0.28286590539180662
-0.41055125749555238 -0.28539037294348357
-0.40879240657579186 -0.28790409570892267
-0.40701816485297426 -0.29040697904788215
-0.40522859912629738 -0.29289892872821943
-0.40342377677189972 -0.29537985092943697
-0.40160376574032247 -0.29784965224621662
-0.39976863455395262 -0.30030823969193432
-0.39791845230444184 -0.30275552070216272
-0.39605328865010614 -0.30519140313815474
-0.39417321381330317 -0.30761579529031335
-0.39227829857778762 -0.3100286058816446
-0.3903686142860473 -0.31242974407119312
-0.38844423283661622 -0.31481911945746349
-0.38650522668136855 -0.31719664208182263
-0.38455166882278985 -0.31956222243188787
-0.38258363281122953 -0.32191577144489564
-0.38060119274213094 -0.32425720051105617
-0.37860442325324239 -0.32658642147688827
-0.37659339952180632 -0.32890334664853926
-0.37456819726172963 -0.33120788879508589
-0.37252889272073303 -0.33349996115181868
-0.37047556267747955 -0.33577947742350922
-0.36840828443868501 -0.33804635178765791
-0.36632713583620646 -0.34030049889772651
-0.36423219522411265 -0.34254183388635007
-0.3621235414757335 -0.34477027236853341
-0.36000125398069094 -0.34698573044482689
-0.35786541264190935 -0.3491881247044864
-0.35571609787260833 -0.35137737222861254
-0.35355339059327384 -0.35355339059327373
-0.35137737222861265 -0.35571609787260827
-0.34918812470448651 -0.3578654126419093
-0.346985730444827 -0.36000125398069083
-0.34477027236853353 -0.36212354147573339
-0.34254183388635018 -0.3642321952241126
-0.34030049889772662 -0.3663271358362063
-0.33804635178765802 -0.3684082844386849
-0.33577947742350933 -0.37047556267747944
-0.33349996115181879 -0.37252889272073297
-0.331207888795086 -0.37456819726172952
-0.32890334664853937 -0.3765933995218062
-0.32658642147688854 -0.37860442325324217
-0.32425720051105611 -0.380601192742131
-0.32191577144489575 -0.38258363281122948
-0.31956222243188798 -0.38455166882278974
-0.31719664208182291 -0.38650522668136833
-0.31481911945746344 -0.38844423283661628
-0.31242974407119323 -0.39036861428604719
-0.31002860588164471 -0.39227829857778751
-0.30761579529031363 -0.39417321381330295
-0.30519140313815468 -0.39605328865010619
-0.30275552070216283 -0.39791845230444173
-0.30030823969193465 -0.3997686345539524
-0.29784965224621657 -0.40160376574032253
-0.29537985092943714 -0.40342377677189961
-0.29289892872821954 -0.40522859912629733
-0.29040697904788249 -0.40701816485297404
-0.28790409570892261 -0.40879240657579191
-0.28539037294348368 -0.41055125749555232
-0.28286590539180673 -0.41229465139251253
-0.28033078809866824 -0.41402252262887773
-0.27778511650980109 -0.41573480615127262
-0.27522898646830246 -0.41743143749319001
-0.2726624942110234 -0.41911235277741893
-0.27008573636494637 -0.42077748871844928
-0.26749880994354863 -0.4224267826248535
-0.26490181234314747 -0.42406017240164856
-0.2622948413392347 -0.42567759655263243
-0.25967799508279471 -0.42727899418270027
-0.25705137209661089 -0.428864305000136
-0.25441507127155366 -0.43043346931888354
-0.25176919186285901 -0.43198642806079324
-0.24911383348639091 -0.43352312275784632
-0.2464490961148921 -0.43504349555435567
-0.24377508007421816 -0.43654748920914493
-0.24109188603956128 -0.43803504709770336
-0.23839961503166107 -0.43950611321431671
-0.23569836841299896 -0.44096063217417747
-0.23298824788398331 -0.44239854921546878
-0.23026935547911995 -0.44381981020142702
-0.22754179356317197 -0.44522436162237894
-0.22480566482730346 -0.44661215059775755
-0.22206107228521488 -0.44798312487809244
-0.2193081192692638 -0.44933723284697691
-0.21654690942657609 -0.45067442352301096
-0.21377754671514124 -0.45199464656172156
-0.21100013539989976 -0.45329785225745772
-0.2082147800488186 -0.45458399154526119
-0.20542158552895209 -0.45585301600271488
-0.20262065700249518 -0.45710487785176523
-0.19981209992282337 -0.45833952996052135
-0.1969960200305241 -0.45955692584502883
-0.19417252334941332 -0.4607570196710209
-0.19134171618254517 -0.46193976625564326
-0.1885037051082091 -0.46310512106915569
-0.18565859697591888 -0.46425304023660774
-0.18280649890238715 -0.4653834805394918
-0.179947518267494 -0.46649639941736948
-0.17708176271024523 -0.46759175496947381
-0.17420934012471742 -0.46866950595628742
-0.17133035865599744 -0.46972961180109485
-0.16844492669610997 -0.4707720325915104
-0.16555315287993827 -0.47179672908098014
-0.16265514608113166 -0.47280366269026058
-0.15975101540800771 -0.4737927955088706
-0.15684087019944573 -0.47476409029651834
-0.15392482002076754 -0.47571751048450417
-0.15100297465961426 -0.47665302017709688
-0.14807544412181184 -0.47757058415288539
-0.14514233862723122 -0.47847016786610441
-0.14220376860563608 -0.47935173744793574
-0.13925984469252681 -0.48021525970778284
-0.13631067772497443 -0.48106070213452079
-0.13335637873744927 -0.48188803289771992
-0.13039705895763795 -0.48269722084884464
-0.12743282980225717 -0.48348823552242609
-0.12446380287286007 -0.48426104713720863
-0.12149008995163206 -0.48501562659727199
-0.11851180299718383 -0.48575194549312584
-0.11552905414033547 -0.48646997610278009
-0.11254195567989646 -0.48716969139278793
-0.10955062007843505 -0.48785106501926423
-0.10655515995804596 -0.48851407132887714
-0.10355568809610924 -0.48915868535981383
-0.10055231742104603 -0.48978488284272026
-0.097545161008064332 -0.49039264020161516
-0.094534332074902985 -0.49098193455477768
-0.091519943977570475 -0.49155274371560814
-0.0885021102060745 -0.49210504619346451
-0.085480944380150845 -0.49263882119447056
-0.082456560244984878 -0.49315404862229933
-0.079429071666930764 -0.49365070907892916
-0.07639859262922187 -0.49412878386537473
-0.073365237227681152 -0.49458825498239045
-0.070329119666424578 -0.49502910513114856
-0.067290354253563181 -0.49545131771389
-0.064249055396896793 -0.49585487683454976
-0.06120533759960798 -0.49623976729935504
-0.05815931545595239 -0.49660597461739725
-0.055111103646941655 -0.49695348500117803
-0.052060816936027536 -0.49728228536712771
-0.049008570164780225 -0.49759236333609846
-0.045954478248566411 -0.49788370723382991
-0.042898656172220113 -0.498156306091389
-0.039841218985715347 -0.49841014964558283
-0.036782281799833678 -0.4986452283393451
-0.033721959781832116 -0.49886153332209582
-0.030660368151104497 -0.49905905645007459
-0.027597622174844856 -0.49923779028664739
-0.024533837163709014 -0.4993977281025862
-0.021469128467470542 -0.49953886387632268
-0.018403611470679666 -0.49966119229417472
-0.015337401588318242 -0.49976470875054657
-0.012270614261456194 -0.49984940934810212
-0.0092033649529025818 -0.4999152908979117
-0.0061357691428602559 -0.49996235091957225
-0.0030679423245772081 -0.49999058764130055
0 -0.5
0.0030679423245770243 -0.49999058764130055
0.006135769142860072 -0.49996235091957225
0.0092033649529023979 -0.4999152908979117
0.01227061426145601 -0.49984940934810212
0.015337401588318058 -0.49976470875054657
0.018403611470679482 -0.49966119229417477
0.021469128467470358 -0.49953886387632268
0.024533837163708831 -0.4993977281025862
0.027597622174844672 -0.49923779028664739
0.030660368151104313 -0.49905905645007459
0.033721959781831935 -0.49886153332209582
0.036782281799833491 -0.4986452283393451
0.039841218985715167 -0.49841014964558283
0.042898656172219926 -0.498156306091389
0.045954478248566223 -0.49788370723382991
0.049008570164780045 -0.49759236333609846
0.052060816936027349 -0.49728228536712771
0.055111103646941467 -0.49695348500117803
0.058159315455952203 -0.49660597461739731
0.061205337599607799 -0.49623976729935504
0.064249055396896612 -0.49585487683454976
0.067290354253562987 -0.49545131771389
0.070329119666424397 -0.49502910513114856
0.073365237227680971 -0.49458825498239045
0.07639859262922169 -0.49412878386537473
0.079429071666930584 -0.49365070907892922
0.082456560244984697 -0.49315404862229939
0.085480944380150664 -0.49263882119447061
0.088502110206074319 -0.49210504619346457
0.091519943977570295 -0.4915527437156082
0.094534332074902805 -0.49098193455477768
0.097545161008064152 -0.49039264020161522
0.10055231742104585 -0.48978488284272031
0.10355568809610906 -0.48915868535981388
0.10655515995804578 -0.48851407132887714
0.10955062007843487 -0.48785106501926429
0.11254195567989628 -0.48716969139278798
0.11552905414033529 -0.48646997610278014
0.11851180299718365 -0.48575194549312589
0.12149008995163188 -0.48501562659727199
0.12446380287285989 -0.48426104713720869
0.12743282980225698 -0.48348823552242615
0.13039705895763776 -0.4826972208488447
0.1333563787374491 -0.48188803289771998
0.13631067772497427 -0.48106070213452085
0.13925984469252664 -0.48021525970778289
0.14220376860563588 -0.4793517374479358
0.14514233862723103 -0.47847016786610447
0.14807544412181164 -0.47757058415288545
0.15100297465961407 -0.47665302017709693
0.15392482002076738 -0.47571751048450422
0.15684087019944556 -0.47476409029651839
0.15975101540800754 -0.47379279550887066
0.16265514608113146 -0.47280366269026064
0.1655531528799381 -0.47179672908098019
0.1684449266961098 -0.47077203259151046
0.17133035865599727 -0.4697296118010949
0.17420934012471725 -0.46866950595628748
0.17708176271024503 -0.46759175496947386
0.17994751826749381 -0.46649639941736953
0.18280649890238698 -0.46538348053949186
0.18565859697591869 -0.46425304023660779
0.18850370510820894 -0.46310512106915575
0.191341716182545 -0.46193976625564331
0.19417252334941315 -0.46075701967102095
0.19699602003052394 -0.45955692584502894
0.1998120999228232 -0.45833952996052141
0.20262065700249501 -0.45710487785176529
0.20542158552895193 -0.45585301600271494
0.20821478004881844 -0.45458399154526125
0.21100013539989959 -0.45329785225745778
0.21377754671514107 -0.45199464656172167
0.2165469094265759 -0.45067442352301107
0.21930811926926363 -0.44933723284697702
0.22206107228521471 -0.4479831248780925
0.2248056648273033 -0.44661215059775766
0.22754179356317181 -0.44522436162237899
0.23026935547911981 -0.44381981020142708
0.23298824788398315 -0.44239854921546884
0.23569836841299879 -0.44096063217417752
0.23839961503166093 -0.43950611321431682
0.24109188603956111 -0.43803504709770347
0.243775080074218 -0.43654748920914505
0.24644909611489194 -0.43504349555435573
0.24911383348639074 -0.43352312275784644
0.2517691918628589 -0.43198642806079329
0.25441507127155349 -0.43043346931888365
0.25705137209661078 -0.42886430500013611
0.2596779950827946 -0.42727899418270038
0.26229484133923453 -0.42567759655263254
0.2649018123431473 -0.42406017240164867
0.26749880994354847 -0.42242678262485361
0.27008573636494621 -0.42077748871844939
0.27266249421102323 -0.41911235277741898
0.27522898646830235 -0.41743143749319006
0.27778511650980092 -0.41573480615127273
0.28033078809866813 -0.41402252262887784
0.28286590539180662 -0.41229465139251265
0.28539037294348352 -0.41055125749555238
0.28790409570892245 -0.40879240657579197
0.29040697904788232 -0.40701816485297415
0.29289892872821938 -0.40522859912629744
0.29537985092943697 -0.40342377677189972
0.29784965224621646 -0.40160376574032264
0.30030823969193449 -0.39976863455395251
0.30275552070216266 -0.39791845230444184
0.30519140313815457 -0.39605328865010631
0.30761579529031352 -0.39417321381330306
0.3100286058816446 -0.39227829857778762
0.31242974407119306 -0.39036861428604736
0.31481911945746333 -0.38844423283661639
0.3171966420818228 -0.38650522668136844
0.31956222243188781 -0.38455166882278985
0.32191577144489558 -0.38258363281122959
0.324257200511056 -0.38060119274213111
0.32658642147688838 -0.37860442325324228
0.32890334664853926 -0.37659339952180632
0.33120788879508573 -0.3745681972617298
0.33349996115181885 -0.37252889272073292
0.33577947742350922 -0.37047556267747955
0.33804635178765785 -0.36840828443868501
0.34030049889772634 -0.36632713583620657
0.34254183388635023 -0.36423219522411254
0.34477027236853341 -0.3621235414757335
0.34698573044482689 -0.36000125398069094
0.34918812470448624 -0.35786541264190957
0.35137737222861265 -0.35571609787260822
0.35355339059327368 -0.35355339059327384
0.35571609787260805 -0.35137737222861282
0.35786541264190941 -0.34918812470448635
0.36000125398069077 -0.34698573044482706
0.36212354147573333 -0.34477027236853358
0.36423219522411238 -0.3425418338863504
0.36632713583620646 -0.34030049889772651
0.3684082844386849 -0.33804635178765802
0.37047556267747939 -0.33577947742350933
0.37252889272073275 -0.33349996115181901
0.37456819726172963 -0.33120788879508589
0.37659339952180615 -0.32890334664853943
0.37860442325324212 -0.32658642147688854
0.38060119274213094 -0.32425720051105617
0.38258363281122942 -0.32191577144489575
0.38455166882278974 -0.31956222243188798
0.38650522668136833 -0.31719664208182297
0.38844423283661628 -0.31481911945746349
0.39036861428604719 -0.31242974407119323
0.39227829857778751 -0.31002860588164477
0.39417321381330295 -0.30761579529031369
0.39605328865010619 -0.30519140313815474
0.39791845230444167 -0.30275552070216283
0.3997686345539524 -0.30030823969193465
0.40160376574032253 -0.29784965224621662
0.40342377677189961 -0.29537985092943714
0.40522859912629733 -0.29289892872821954
0.40701816485297404 -0.29040697904788249
0.40879240657579186 -0.28790409570892261
0.41055125749555227 -0.28539037294348368
0.41229465139251253 -0.28286590539180678
0.41402252262887768 -0.28033078809866829
0.41573480615127262 -0.27778511650980109
0.41743143749318995 -0.27522898646830252
0.41911235277741887 -0.2726624942110234
0.42077748871844922 -0.27008573636494637
0.4224267826248535 -0.26749880994354863
0.42406017240164856 -0.26490181234314747
0.42567759655263243 -0.2622948413392347
0.42727899418270027 -0.25967799508279477
0.428864305000136 -0.25705137209661094
0.43043346931888354 -0.25441507127155372
0.43198642806079318 -0.25176919186285907
0.43352312275784632 -0.24911383348639093
0.43504349555435562 -0.24644909611489213
0.43654748920914493 -0.24377508007421819
0.43803504709770336 -0.2410918860395613
0.43950611321431671 -0.2383996150316611
0.44096063217417741 -0.23569836841299899
0.44239854921546878 -0.23298824788398334
0.44381981020142697 -0.23026935547911997
0.44522436162237888 -0.227541793563172
0.44661215059775755 -0.22480566482730349
0.44798312487809244 -0.22206107228521491
0.44933723284697691 -0.21930811926926383
0.45067442352301096 -0.21654690942657612
0.45199464656172156 -0.21377754671514126
0.45329785225745772 -0.21100013539989979
0.45458399154526119 -0.20821478004881863
0.45585301600271483 -0.20542158552895212
0.45710487785176518 -0.20262065700249521
0.45833952996052135 -0.19981209992282339
0.45955692584502883 -0.19699602003052413
0.4607570196710209 -0.19417252334941335
0.46193976625564326 -0.1913417161825452
0.46310512106915569 -0.18850370510820913
0.46425304023660774 -0.18565859697591891
0.46538348053949175 -0.18280649890238718
0.46649639941736948 -0.17994751826749403
0.46759175496947375 -0.17708176271024526
0.46866950595628742 -0.17420934012471745
0.46972961180109485 -0.17133035865599747
0.4707720325915104 -0.16844492669611
0.47179672908098014 -0.1655531528799383
0.47280366269026058 -0.16265514608113169
0.4737927955088706 -0.15975101540800773
0.47476409029651834 -0.15684087019944576
0.47571751048450411 -0.15392482002076757
0.47665302017709682 -0.15100297465961429
0.47757058415288539 -0.14807544412181187
0.47847016786610441 -0.14514233862723125
0.47935173744793574 -0.1422037686056361
0.48021525970778284 -0.13925984469252684
0.48106070213452079 -0.13631067772497449
0.48188803289771992 -0.13335637873744929
0.48269722084884464 -0.13039705895763798
0.48348823552242609 -0.1274328298022572
0.48426104713720863 -0.1244638028728601
0.48501562659727199 -0.12149008995163209
0.48575194549312584 -0.11851180299718386
0.48646997610278009 -0.1155290541403355
0.48716969139278793 -0.11254195567989649
0.48785106501926423 -0.10955062007843508
0.48851407132887709 -0.10655515995804599
0.48915868535981383 -0.10355568809610927
0.48978488284272026 -0.10055231742104606
0.49039264020161516 -0.09754516100806436
0.49098193455477762 -0.094534332074903013
0.49155274371560814 -0.091519943977570503
0.49210504619346451 -0.088502110206074527
0.49263882119447056 -0.085480944380150886
0.49315404862229933 -0.082456560244984906
0.49365070907892916 -0.079429071666930792
0.49412878386537473 -0.076398592629221898
0.49458825498239045 -0.073365237227681193
0.49502910513114856 -0.070329119666424605
0.49545131771389 -0.067290354253563209
0.49585487683454971 -0.06424905539689682
0.49623976729935498 -0.061205337599608015
0.49660597461739725 -0.058159315455952418
0.49695348500117803 -0.055111103646941682
0.49728228536712771 -0.052060816936027564
0.49759236333609846 -0.049008570164780253
0.49788370723382991 -0.045954478248566438
0.498156306091389 -0.042898656172220141
0.49841014964558283 -0.039841218985715375
0.4986452283393451 -0.036782281799833706
0.49886153332209582 -0.033721959781832143
0.49905905645007459 -0.030660368151104529
0.49923779028664739 -0.027597622174844887
0.4993977281025862 -0.024533837163709046
0.49953886387632268 -0.02146912846747057
0.49966119229417472 -0.018403611470679697
0.49976470875054657 -0.015337401588318271
0.49984940934810212 -0.012270614261456224
0.4999152908979117 -0.0092033649529026131
0.49996235091957225 -0.0061357691428602862
0.49999058764130055 -0.0030679423245772385
