FoamFile
{
    version 2.0;
    format ascii;
    arch "LSB;label=32;scalar=64";
    class labelList;
    location "constant/polyMesh";
    object neighbour;
}

11529
(
1
3
4
5
2
3
7
12
13
12
14
25
26
5
6
21
22
25
27
16
21
23
8
36
37
9
40
41
11
47
48
45
46
51
53
32
52
54
13
14
15
36
15
29
38
94
96
17
64
66
18
70
72
20
77
79
75
76
81
84
62
82
85
22
23
24
30
24
64
65
110
114
26
27
28
29
28
30
100
102
106
107
94
97
100
101
106
108
110
112
121
122
123
125
33
127
128
34
131
132
35
135
136
44
139
140
37
38
39
40
39
157
158
42
161
162
41
42
43
47
43
165
166
49
169
170
45
143
144
46
144
146
148
149
48
49
50
52
50
174
175
55
178
179
53
149
151
153
154
54
55
56
57
127
57
183
185
58
154
156
129
190
191
59
184
188
60
195
197
61
199
201
95
203
205
63
206
208
68
210
212
65
66
67
222
224
67
70
71
226
228
69
214
216
74
218
220
71
72
73
234
236
73
77
78
238
240
75
246
248
76
248
249
251
253
78
79
80
260
262
80
82
83
264
266
84
253
254
256
258
83
85
87
278
282
86
87
206
88
258
259
207
289
291
89
281
283
92
287
288
91
92
271
272
286
288
93
109
275
276
93
113
96
97
98
302
304
99
157
99
103
104
306
308
159
317
318
101
102
103
309
310
309
311
360
361
317
319
322
325
105
314
316
120
323
328
107
108
339
340
360
362
117
339
341
111
113
335
336
112
114
115
337
338
343
345
116
117
115
116
222
118
223
355
357
348
350
355
356
119
345
346
124
353
354
122
370
372
122
366
368
371
372
125
367
368
374
376
125
375
376
173
230
383
384
386
388
128
129
130
131
130
389
390
133
393
394
132
133
134
135
134
397
398
137
401
402
136
137
138
139
138
405
406
141
409
410
140
141
142
143
142
413
414
145
417
418
144
145
146
146
421
422
147
148
422
424
426
427
149
150
151
151
427
428
429
430
152
153
430
431
433
434
154
155
156
156
182
434
436
184
158
159
160
161
160
437
438
163
439
440
162
163
164
165
164
441
442
167
443
444
166
167
168
169
168
445
446
171
447
448
170
171
172
174
172
449
450
176
451
452
293
455
456
461
463
175
176
177
178
177
473
474
180
475
476
179
180
181
183
181
477
478
187
480
482
184
186
466
468
185
187
188
189
190
188
194
470
472
189
489
490
195
192
491
492
191
192
193
389
193
493
494
391
495
496
195
196
481
484
197
197
198
486
488
199
199
200
498
500
201
201
202
502
504
203
203
204
506
508
205
205
301
510
512
302
207
208
209
513
515
209
210
211
517
519
211
212
213
521
523
213
214
215
525
527
215
216
217
529
531
217
218
219
533
535
219
220
221
537
539
221
246
247
541
543
223
224
225
545
546
225
226
227
547
548
227
228
229
549
550
229
234
235
551
552
231
293
554
556
232
294
558
560
233
295
562
564
242
296
566
568
235
236
237
569
570
237
238
239
571
572
239
240
241
573
574
241
260
261
575
576
243
297
578
580
244
298
582
584
245
299
586
588
268
300
590
592
247
248
249
593
595
249
250
251
595
596
598
599
252
253
254
599
600
601
602
254
255
256
602
603
604
606
257
258
259
277
606
607
259
281
261
262
263
608
609
263
264
265
610
611
265
266
267
620
621
267
278
280
623
626
270
330
635
637
270
273
632
633
636
637
274
331
272
629
631
638
639
275
642
643
274
275
641
643
276
333
276
335
279
281
614
615
280
282
283
285
618
619
284
644
645
283
284
289
287
290
646
647
286
287
625
627
288
630
631
288
290
291
292
648
649
292
513
514
650
651
294
652
654
295
656
658
296
660
662
297
664
666
298
668
670
299
672
674
300
676
678
330
680
682
302
303
685
687
304
304
305
689
691
306
306
307
693
695
308
308
313
697
699
314
310
311
312
322
312
782
783
324
791
793
314
315
701
703
316
316
321
705
707
323
318
319
320
437
320
329
716
717
922
924
323
327
709
711
324
325
328
326
831
832
326
329
722
724
835
836
328
369
713
715
370
716
718
722
723
331
732
734
332
333
334
734
735
736
737
334
335
336
738
740
336
337
338
740
741
742
743
744
746
340
341
342
803
805
342
348
351
816
820
344
345
746
747
346
347
750
751
346
353
349
353
754
755
350
351
354
373
758
759
352
359
352
846
847
760
761
850
851
354
375
356
357
358
359
358
545
768
770
1145
1146
760
767
768
769
361
362
776
778
782
784
776
780
803
804
366
371
794
796
799
802
367
374
812
814
817
821
366
367
801
802
811
814
368
368
370
371
792
796
372
372
374
375
819
821
376
376
378
379
838
839
852
853
380
381
840
841
380
385
854
855
383
386
382
383
842
843
384
453
844
845
384
455
386
387
857
858
388
388
553
859
860
554
390
391
392
393
392
861
862
395
863
864
394
395
396
397
396
865
866
399
867
868
398
399
400
401
400
869
870
403
871
872
402
403
404
405
404
873
874
407
875
876
406
407
408
409
408
877
878
411
879
880
410
411
412
413
412
881
882
415
883
884
414
415
416
417
416
885
886
419
887
888
418
419
420
421
420
889
890
423
891
892
422
423
424
424
893
894
425
426
894
896
898
901
427
902
903
428
903
905
906
907
430
907
908
909
910
431
432
910
912
433
914
916
918
919
434
435
436
436
465
919
921
466
438
922
923
439
930
931
440
934
935
441
938
939
442
945
946
443
949
950
444
953
954
445
957
958
446
961
962
447
965
966
448
969
970
449
973
974
450
977
978
451
981
982
452
985
986
473
989
990
454
455
993
994
456
457
995
996
456
459
458
459
997
998
460
999
1000
1009
1010
460
461
462
1011
1012
462
463
464
1013
1014
464
652
653
1015
1016
466
467
1017
1018
468
468
469
1019
1020
470
470
471
1021
1022
472
472
479
1023
1024
481
474
1025
1026
475
1029
1030
476
1033
1034
477
1037
1038
478
1043
1044
480
1047
1049
481
483
1041
1042
482
1053
1054
484
489
1057
1058
484
485
1048
1051
486
486
487
1061
1062
488
488
497
1063
1064
498
490
1065
1066
491
1069
1070
492
1073
1074
493
1077
1078
494
1081
1082
495
1085
1086
496
1089
1090
861
1093
1094
498
499
1097
1098
500
500
501
1099
1100
502
502
503
1101
1102
504
504
505
1103
1104
506
506
507
1105
1106
508
508
509
1107
1108
510
510
511
1109
1110
512
512
684
1111
1112
685
514
515
516
1113
1114
516
517
518
1115
1116
518
519
520
1117
1118
520
521
522
1119
1120
522
523
524
1121
1122
524
525
526
1123
1124
526
527
528
1125
1126
528
529
530
1127
1128
530
531
532
1129
1130
532
533
534
1131
1132
534
535
536
1133
1134
536
537
538
1135
1136
538
539
540
1137
1138
540
541
542
1139
1140
542
543
544
1141
1142
544
593
594
1143
1144
546
1145
1147
547
1153
1155
548
1160
1162
549
1164
1166
550
1168
1170
551
1172
1174
552
1176
1178
569
1180
1182
554
555
1184
1185
556
556
557
1186
1187
558
558
559
1188
1189
560
560
561
1190
1191
562
562
563
1192
1193
564
564
565
1194
1195
566
566
567
1196
1197
568
568
577
1198
1199
578
570
1200
1202
571
1204
1206
572
1208
1210
573
1212
1214
574
1216
1218
575
1220
1222
576
1224
1226
608
1228
1230
578
579
1232
1233
580
580
581
1234
1235
582
582
583
1236
1237
584
584
585
1238
1239
586
586
587
1240
1241
588
588
589
1242
1243
590
590
591
1244
1245
592
592
634
1246
1247
635
594
595
596
1248
1250
596
597
598
1250
1251
1253
1256
599
1257
1259
600
1259
1260
1261
1262
602
1262
1263
1264
1266
603
1266
1267
1269
1271
605
606
1271
1272
607
612
1273
1274
607
614
609
1275
1277
610
1279
1281
611
1283
1285
620
1287
1289
613
614
1291
1292
615
616
1293
1294
615
618
617
618
1295
1296
619
622
1297
1298
619
625
621
1299
1301
623
1305
1308
624
625
1303
1304
626
1316
1318
627
628
1307
1309
627
644
1320
1322
630
629
630
1311
1312
631
1314
1315
631
633
1328
1329
1331
1333
641
1335
1337
635
636
1324
1325
637
637
1327
1329
639
1313
1315
1339
1340
642
1343
1344
641
642
1336
1337
1342
1344
643
643
645
1345
1347
646
1349
1351
647
1353
1355
648
1357
1359
649
1361
1363
650
1365
1367
651
1369
1371
1113
1373
1375
653
654
655
1377
1378
655
656
657
1379
1380
657
658
659
1381
1382
659
660
661
1383
1384
661
662
663
1385
1386
663
664
665
1387
1388
665
666
667
1389
1390
667
668
669
1391
1392
669
670
671
1393
1394
671
672
673
1395
1396
673
674
675
1397
1398
675
676
677
1399
1400
677
678
679
1401
1402
679
680
681
1403
1404
681
682
683
1405
1406
683
732
733
1407
1408
685
686
1409
1410
687
687
688
1411
1412
689
689
690
1413
1414
691
691
692
1415
1416
693
693
694
1417
1418
695
695
696
1419
1420
697
697
698
1421
1422
699
699
700
1423
1424
701
701
702
1425
1426
703
703
704
1427
1428
705
705
706
1429
1430
707
707
708
1431
1432
709
709
710
1433
1434
711
711
712
1435
1436
713
713
714
1437
1438
715
715
790
1439
1440
792
717
718
719
942
720
730
720
721
731
3252
943
3252
723
727
726
730
725
837
727
2904
727
729
2904
729
730
731
2904
2904
731
2904
3252
733
734
735
1441
1442
735
1443
1445
737
1445
1446
1447
1448
738
1450
1452
739
740
741
1452
1453
1455
1457
741
742
743
1457
1458
1460
1461
1462
1463
745
746
1463
1464
747
748
1465
1466
747
750
749
750
1467
1468
751
752
1469
1470
751
754
753
754
1471
1472
755
756
1473
1474
755
758
757
758
1475
1476
759
815
1477
1478
759
819
764
767
762
856
764
3251
764
766
767
3251
766
774
775
3251
3251
774
769
770
771
774
772
1157
772
775
3583
773
1158
3583
775
3251
3583
781
778
798
3900
781
3900
780
810
4311
781
4311
783
784
786
791
786
798
794
799
1489
1490
1492
1494
788
788
795
4312
789
800
4312
792
794
1488
1490
793
795
796
797
831
796
797
4312
831
4312
4708
800
3900
802
1496
1498
3900
4312
802
1480
1484
1497
1498
804
805
806
810
806
816
808
808
818
4707
809
813
4707
813
4311
814
1482
1484
1513
1515
814
1509
1511
1514
1515
4311
4707
817
819
1506
1507
818
820
821
1510
1511
822
4707
821
822
846
846
4707
5087
1499
1502
1516
1519
1522
1527
1529
1530
825
826
1527
1528
1530
1535
827
1537
1541
1544
1548
827
1551
1555
1558
1561
828
829
830
1548
1549
1566
1568
830
1561
1563
1589
1590
838
852
832
4708
833
4708
834
4708
835
5088
836
5088
837
5088
2904
5088
839
1568
1571
840
1573
1574
841
1575
1576
842
1577
1578
843
1579
1580
844
1581
1582
845
1583
1584
993
1585
1586
847
5087
848
5087
849
5087
850
5451
851
5451
856
5451
853
1590
1594
854
1596
1597
855
1598
1599
857
1600
1601
3251
5451
858
1602
1603
859
1604
1605
860
1606
1607
1184
1608
1609
862
1610
1611
863
1614
1615
864
1618
1619
865
1622
1623
866
1626
1627
867
1630
1631
868
1634
1635
869
1638
1639
870
1642
1643
871
1646
1647
872
1650
1651
873
1654
1655
874
1658
1659
875
1662
1663
876
1666
1667
877
1670
1671
878
1674
1675
879
1678
1679
880
1682
1683
881
1686
1687
882
1690
1691
883
1694
1695
884
1698
1699
885
1702
1703
886
1706
1707
887
1710
1711
888
1714
1715
889
1718
1719
890
1722
1723
891
1726
1727
892
1730
1731
893
1734
1735
894
895
896
896
1735
1741
1745
1746
897
898
1746
1750
1754
1755
900
901
900
901
904
1765
1766
1755
1757
1761
1764
902
903
904
905
905
1767
1768
1771
1772
907
1772
1777
1780
1782
908
1782
1784
1788
1789
910
911
1789
1794
912
912
913
1796
1798
916
915
916
1799
1800
915
916
917
1803
1804
1806
1812
918
1812
1813
1816
1817
919
920
921
921
1817
1821
1932
1933
1017
923
924
925
930
925
942
927
927
932
3584
928
929
942
3584
944
3584
931
932
933
934
933
3584
936
3584
935
936
937
938
937
3585
940
3585
939
940
941
945
941
3585
3586
947
3586
943
944
3252
3252
3584
946
947
948
949
948
3586
3587
951
3587
950
951
952
953
952
3587
955
3587
3588
954
955
956
957
956
3588
959
3588
3589
958
959
960
961
960
3589
963
3589
962
963
964
965
964
3590
967
3590
966
967
968
969
968
3590
3591
971
3591
970
971
972
973
972
3591
3592
975
3592
974
975
976
977
976
3592
979
3592
3593
978
979
980
981
980
3593
983
3593
3594
982
983
984
985
984
3594
987
3594
986
987
988
989
988
3595
991
3595
990
991
992
1025
992
3595
3596
1027
3596
994
1822
1823
995
1824
1825
996
1826
1827
997
1828
1829
998
1832
1833
999
1834
1835
1000
1836
1837
1006
1842
1844
1003
1005
1857
1858
1864
1868
1848
1850
1873
1875
1876
1877
1897
1900
1008
1874
1875
1876
1878
1005
1006
1839
1844
1867
1868
1007
1008
1007
1009
1889
1894
1903
1904
1883
1888
1889
1891
1010
1903
1907
1011
1910
1911
1012
1914
1915
1013
1916
1917
1014
1918
1919
1015
1920
1921
1016
1922
1923
1377
1924
1925
1018
1933
1936
1019
1938
1940
1020
1942
1944
1021
1946
1948
1022
1950
1952
1023
1954
1956
1024
1958
1960
1041
1962
1964
1026
1027
1028
1029
1028
3596
3597
1031
3597
1030
1031
1032
1033
1032
3597
1035
3597
3598
1034
1035
1036
1037
1036
3598
1039
3598
3599
1038
1039
1040
1043
1040
3599
1045
3599
1042
1966
1968
1048
1970
1972
1044
1045
1046
1047
1046
3600
1050
3600
1049
1050
1051
1974
1976
1052
1053
1052
3600
3601
1061
1978
1980
1055
3601
1054
1055
1056
1057
1056
3601
3602
1059
3602
1058
1059
1060
1065
1060
3602
1067
3602
3603
1062
1982
1984
1063
1986
1988
1064
1990
1992
1097
1994
1996
1066
1067
1068
1069
1068
3603
1071
3603
3604
1070
1071
1072
1073
1072
3604
1075
3604
1074
1075
1076
1077
1076
3605
1079
3605
1078
1079
1080
1081
1080
3605
3606
1083
3606
1082
1083
1084
1085
1084
3606
3607
1087
3607
1086
1087
1088
1089
1088
3607
1091
3607
3608
1090
1091
1092
1093
1092
3608
1095
3608
3609
1094
1095
1096
1610
1096
3609
1612
3609
1098
1998
2000
1099
2002
2004
1100
2006
2008
1101
2010
2012
1102
2014
2016
1103
2018
2020
1104
2022
2024
1105
2026
2028
1106
2030
2032
1107
2034
2036
1108
2038
2040
1109
2042
2044
1110
2046
2048
1111
2050
2052
1112
2054
2056
1409
2058
2060
1114
2061
2063
1115
2065
2067
1116
2069
2071
1117
2073
2075
1118
2077
2079
1119
2081
2083
1120
2085
2087
1121
2089
2091
1122
2093
2095
1123
2097
2099
1124
2101
2103
1125
2105
2107
1126
2109
2111
1127
2113
2115
1128
2117
2119
1129
2121
2123
1130
2125
2127
1131
2129
2131
1132
2133
2135
1133
2137
2139
1134
2141
2143
1135
2145
2147
1136
2149
2151
1137
2153
2155
1138
2157
2159
1139
2161
2163
1140
2165
2167
1141
2169
2171
1142
2173
2175
1143
2177
2179
1144
2181
2183
1248
2185
2191
1146
1147
1148
1157
1148
1153
1151
1151
1154
3899
1151
1152
1157
3899
1159
3899
1154
1155
1156
3899
1156
1160
1161
3899
1158
1159
3583
3583
3899
1161
1162
1163
3898
1163
1164
1165
3898
1165
1166
1167
3897
3898
1167
1168
1169
3897
1169
1170
1171
3896
3897
1171
1172
1173
3896
1173
1174
1175
3896
1175
1176
1177
3895
3896
1177
1178
1179
3895
1179
1180
1181
3894
3895
1181
1182
1183
3894
1183
1200
1201
3894
1185
2196
2197
1186
2198
2199
1187
2200
2201
1188
2202
2203
1189
2204
2205
1190
2206
2207
1191
2208
2209
1192
2210
2211
1193
2212
2213
1194
2214
2215
1195
2216
2217
1196
2218
2219
1197
2220
2221
1198
2222
2223
1199
2224
2225
1232
2226
2227
1201
1202
1203
3893
1203
1204
1205
3893
1205
1206
1207
3892
3893
1207
1208
1209
3892
1209
1210
1211
3891
3892
1211
1212
1213
3891
1213
1214
1215
3891
1215
1216
1217
3890
3891
1217
1218
1219
3890
1219
1220
1221
3889
3890
1221
1222
1223
3889
1223
1224
1225
3889
1225
1226
1227
3888
1227
1228
1229
3888
1229
1230
1231
3887
3888
1231
1275
1276
3887
1233
2228
2229
1234
2230
2231
1235
2232
2233
1236
2234
2235
1237
2236
2237
1238
2238
2239
1239
2240
2241
1240
2242
2243
1241
2244
2245
1242
2246
2247
1243
2248
2249
1244
2250
2251
1245
2252
2253
1246
2254
2255
1247
2256
2257
1324
2258
2259
1249
1250
1251
2191
2192
2260
2264
1251
1252
1253
2264
2265
2269
2271
1254
1256
1255
2271
2272
2276
2279
1256
1258
2280
2281
1257
1258
1259
1260
2282
2284
1260
2286
2291
1262
2291
2292
2296
2297
1263
2297
2300
2302
2307
1265
1266
2307
2308
1267
2312
2313
2319
2320
1267
1268
1269
2320
2321
2325
2329
1270
1271
1272
2329
2330
2333
2338
1272
1273
1274
2338
2339
1291
2342
2343
1276
1277
1278
3886
3887
1278
1279
1280
3886
1280
1281
1282
3886
1282
1283
1284
3885
3886
1284
1285
1286
3885
1286
1287
1288
3884
3885
1288
1289
1290
3884
1290
1299
1300
3884
1292
2346
2347
1293
2350
2351
1294
2354
2355
1295
2358
2359
1296
2362
2363
1297
2366
2367
1298
2370
2371
1303
2374
2375
1300
1301
1302
3883
1302
1305
1306
3883
1304
2378
2379
1307
2382
2383
1306
1308
1310
3882
3883
1309
2386
2387
1310
1316
1311
2390
2391
1317
3882
1312
2409
2410
1314
2413
2414
1315
2405
2406
2418
2420
1315
2419
2420
1317
1318
1319
3881
3882
1319
1320
1321
3881
1321
1322
1323
3881
1323
1345
1346
3880
3881
1325
2422
2423
1327
2424
2426
1327
1328
2425
2427
2430
2435
1329
1329
2442
2444
1336
1342
2461
2465
2470
2472
1333
2443
2444
2474
2479
1333
1334
2446
2447
2476
2479
1335
1335
1336
2463
2464
1337
1337
1340
1341
2452
2455
2458
2482
1340
2404
2406
2481
2482
1343
1342
1343
2471
2472
1344
1344
1346
1347
1348
3880
1348
1349
1350
3879
3880
1350
1351
1352
3879
1352
1353
1354
3879
1354
1355
1356
3878
1356
1357
1358
3878
1358
1359
1360
3877
3878
1360
1361
1362
3877
1362
1363
1364
3876
3877
1364
1365
1366
3876
1366
1367
1368
3876
1368
1369
1370
3875
3876
1370
1371
1372
3875
1372
1373
1374
3874
3875
1374
1375
1376
3874
1376
2061
2062
3874
1378
2483
2484
1379
2485
2486
1380
2487
2488
1381
2489
2490
1382
2491
2492
1383
2493
2494
1384
2495
2496
1385
2497
2498
1386
2499
2500
1387
2501
2502
1388
2503
2504
1389
2505
2506
1390
2507
2508
1391
2509
2510
1392
2511
2512
1393
2513
2514
1394
2515
2516
1395
2517
2518
1396
2519
2520
1397
2521
2522
1398
2523
2524
1399
2525
2526
1400
2527
2528
1401
2529
2530
1402
2531
2532
1403
2533
2534
1404
2535
2536
1405
2537
2538
1406
2539
2540
1407
2541
2542
1408
2543
2544
1441
2545
2546
1410
2548
2550
1411
2552
2554
1412
2556
2558
1413
2560
2562
1414
2564
2566
1415
2568
2570
1416
2572
2574
1417
2576
2578
1418
2580
2582
1419
2584
2586
1420
2588
2590
1421
2592
2594
1422
2596
2598
1423
2600
2602
1424
2604
2606
1425
2608
2610
1426
2612
2614
1427
2616
2618
1428
2620
2622
1429
2624
2626
1430
2628
2630
1431
2632
2634
1432
2636
2638
1433
2640
2642
1434
2644
2646
1435
2648
2650
1436
2652
2654
1437
2656
2658
1438
2660
2662
1439
2664
2666
1440
2674
2676
1488
2679
2681
1442
2682
2683
1443
2684
2686
1444
1445
1446
2685
2688
2690
2695
1446
2697
2702
1448
2702
2703
2706
2708
1449
1450
1451
2708
2710
2714
2715
1451
1452
1453
2718
2720
1453
1454
1455
2719
2721
2724
2729
1456
1457
1458
1459
2729
2730
1458
1460
1460
2732
2734
2739
2741
1461
2741
2742
2747
2752
1463
2752
2753
2758
2762
1464
1465
2762
2763
1466
2766
2767
1467
2770
2771
1468
2774
2775
1469
2778
2779
1470
2782
2783
1471
2786
2787
1472
2790
2791
1473
2794
2795
1474
2798
2799
1475
2802
2803
1476
2806
2807
1477
2810
2811
1478
2814
2815
1506
2818
2819
1481
1483
1484
2843
2844
2858
2861
1485
4152
1484
2853
2857
2860
2861
1485
4153
1499
1516
4152
4153
1489
1492
2871
2872
2874
2878
1488
1489
2680
2681
2870
2872
1490
1490
1492
1493
2821
2824
2875
2878
1494
1494
1495
2825
2826
1496
1496
1497
2833
2835
1498
1498
2842
2844
1500
4152
1501
4152
1503
4554
1503
1504
4554
1522
1525
4554
4940
1509
1514
2885
2886
2890
2892
1507
2895
2896
1510
2902
2903
1509
1510
2891
2892
2898
2903
1511
1511
1513
1514
2846
2849
2884
2886
1515
2848
2857
1515
1517
4153
1518
4153
1519
4555
1520
1521
4555
1529
1533
4555
4941
1525
1527
1524
1528
1536
1526
4940
1526
4940
1528
1537
1530
1533
1535
1532
1535
1550
1534
4941
1534
4941
1551
1538
4940
5310
1539
1539
5310
1540
1541
5310
1542
5310
1544
3116
5310
1545
1547
1548
1546
1546
3116
3116
1549
3116
3454
1549
1564
3454
1552
4941
5311
1553
1553
5311
1554
1555
5311
1556
5311
1558
3117
5311
1559
1561
1562
1560
1560
3117
3117
1563
1563
3117
3455
1587
3455
1565
1566
3454
1567
3454
3776
1567
1568
1569
3776
1569
1570
1572
3776
1572
1573
3776
1574
3776
1575
3775
3776
1576
3774
3775
1577
3774
1578
3773
3774
1579
3773
1580
3772
1581
3771
3772
1582
3771
1583
3770
3771
1584
3769
3770
1585
3769
1586
3768
3769
1822
3768
1588
1589
3455
1591
3455
3777
1590
1591
1592
1592
3777
1593
1594
3777
1595
1596
3777
1597
3777
1598
3777
3778
1599
3778
3779
1600
3779
1601
3779
3780
1602
3780
1603
3781
1604
3781
3782
1605
3782
1606
3782
3783
1607
3783
3784
1608
3784
1609
3784
3785
2196
3785
1611
1612
1613
1614
1613
3610
1616
3610
1615
1616
1617
1618
1617
3610
3611
1620
3611
1619
1620
1621
1622
1621
3611
3612
1624
3612
1623
1624
1625
1626
1625
3612
1628
3612
3613
1627
1628
1629
1630
1629
3613
1632
3613
3614
1631
1632
1633
1634
1633
3614
1636
3614
1635
1636
1637
1638
1637
3615
1640
3615
1639
1640
1641
1642
1641
3615
3616
1644
3616
1643
1644
1645
1646
1645
3616
3617
1648
3617
1647
1648
1649
1650
1649
3617
1652
3617
3618
1651
1652
1653
1654
1653
3618
1656
3618
3619
1655
1656
1657
1658
1657
3619
1660
3619
1659
1660
1661
1662
1661
3620
1664
3620
1663
1664
1665
1666
1665
3620
3621
1668
3621
1667
1668
1669
1670
1669
3621
3622
1672
3622
1671
1672
1673
1674
1673
3622
1676
3622
3623
1675
1676
1677
1678
1677
3623
1680
3623
3624
1679
1680
1681
1682
1681
3624
1684
3624
1683
1684
1685
1686
1685
3625
1688
3625
1687
1688
1689
1690
1689
3625
3626
1692
3626
1691
1692
1693
1694
1693
3626
3627
1696
3627
1695
1696
1697
1698
1697
3627
1700
3627
3628
1699
1700
1701
1702
1701
3628
1704
3628
3629
1703
1704
1705
1706
1705
3629
1708
3629
1707
1708
1709
1710
1709
3630
1712
3630
1711
1712
1713
1714
1713
3630
3631
1716
3631
1715
1716
1717
1718
1717
3631
3632
1720
3632
1719
1720
1721
1722
1721
3632
1724
3632
3633
1723
1724
1725
1726
1725
3633
1728
3633
3634
1727
1728
1729
1730
1729
3634
1732
3634
1731
1732
1733
1734
1733
3635
1737
3635
1735
1736
1741
1739
1741
1739
3635
1739
1740
1742
3635
1743
3635
1742
1744
1745
1744
3305
3635
1749
3305
1746
1748
1750
1748
1750
1751
3305
1749
3305
1752
1752
1753
2959
3305
1753
1754
1756
2959
1755
1756
1759
1759
2959
1758
1760
1759
2959
2959
1761
2959
5145
1764
5145
1763
1765
4767
1764
5145
5145
1766
4767
1767
1769
4767
1768
1769
1770
1771
1770
4373
4767
1774
4373
1772
1773
1777
1775
1777
1775
4373
1776
1778
4373
1779
1779
3963
4373
1781
3963
1781
1785
3963
3963
1785
1784
1786
3964
1785
3964
1787
1788
3964
1793
3964
4374
1789
1790
1794
1792
1794
1792
1795
4374
1793
4374
1796
1796
1797
4374
1798
1798
1799
4374
4768
1799
1800
4768
1801
4768
1802
4768
1803
5146
1804
5146
1805
5146
1806
2960
5146
1807
1809
2960
1809
1811
1813
1812
2960
1811
1814
1815
2960
2960
1813
1814
1815
1816
1819
2960
3306
1817
1819
1821
1819
1820
1821
3306
1926
3306
1927
1823
3767
1824
3766
3767
1825
3766
1826
3765
3766
1827
3764
3765
1828
3764
1829
3763
3764
1832
3763
1831
1838
3435
3759
1839
1867
3435
1833
3762
1834
3761
3762
1835
3761
1836
3760
3761
1837
3759
3760
1843
3759
1839
1840
3759
1844
1841
1844
1842
3759
1843
3759
1849
1871
1873
4527
4915
1847
1850
4123
1848
4527
1849
4527
1853
4123
1852
1853
4123
1854
1854
1897
4122
4123
4122
1857
1864
3095
5287
1859
1869
4915
5287
1861
5287
1860
1874
1860
5287
1861
5287
1863
1867
3095
3435
1865
1868
1866
1866
3095
3095
1868
3435
1870
1874
1872
4915
1872
1873
4915
1875
1875
1877
1878
1881
1902
1879
1883
1880
1887
1881
4914
1882
1902
4914
1885
1885
1887
5286
1886
1888
5286
4914
5286
1896
5286
1890
1894
1892
1895
1893
1896
1893
3094
3094
1895
1912
3434
3094
3434
3094
5286
1898
4122
1899
4122
1900
4526
1901
1902
4526
4526
4914
1904
1905
1909
1912
1906
1909
1907
3758
1908
1910
3758
1913
3758
1911
3758
1914
3757
3758
1913
3434
3434
3758
1915
3756
3757
1916
3756
1917
3755
3756
1918
3755
1919
3754
1920
3753
3754
1921
3753
1922
3752
3753
1923
3751
3752
1924
3751
1925
3750
3751
2483
3750
1927
1928
3306
1930
1932
1931
3306
3636
1930
1934
1935
1931
3636
3636
1933
1934
1936
1936
1937
3636
1938
1938
1939
3636
1940
1940
1941
3636
1942
1942
1943
3637
1944
1944
1945
3637
1946
1946
1947
3637
3638
1948
1948
1949
3638
1950
1950
1951
3638
3639
1952
1952
1953
3639
1954
1954
1955
3639
1956
1956
1957
3639
3640
1958
1958
1959
3640
1960
1960
1961
3640
3641
1962
1962
1963
3641
1964
1964
1965
3641
1966
1966
1967
3642
1968
1968
1969
3642
1970
1970
1971
3642
3643
1972
1972
1973
3643
1974
1974
1975
3643
3644
1976
1976
1977
3644
1978
1978
1979
3644
1980
1980
1981
3644
3645
1982
1982
1983
3645
1984
1984
1985
3645
3646
1986
1986
1987
3646
1988
1988
1989
3646
1990
1990
1991
3647
1992
1992
1993
3647
1994
1994
1995
3647
3648
1996
1996
1997
3648
1998
1998
1999
3648
3649
2000
2000
2001
3649
2002
2002
2003
3649
2004
2004
2005
3649
3650
2006
2006
2007
3650
2008
2008
2009
3650
3651
2010
2010
2011
3651
2012
2012
2013
3651
2014
2014
2015
3652
2016
2016
2017
3652
2018
2018
2019
3652
3653
2020
2020
2021
3653
2022
2022
2023
3653
3654
2024
2024
2025
3654
2026
2026
2027
3654
2028
2028
2029
3654
3655
2030
2030
2031
3655
2032
2032
2033
3655
3656
2034
2034
2035
3656
2036
2036
2037
3656
2038
2038
2039
3657
2040
2040
2041
3657
2042
2042
2043
3657
3658
2044
2044
2045
3658
2046
2046
2047
3658
3659
2048
2048
2049
3659
2050
2050
2051
3659
2052
2052
2053
3659
3660
2054
2054
2055
3660
2056
2056
2057
3660
3661
2058
2058
2059
3661
2060
2060
2547
3661
2548
2062
2063
2064
3873
2064
2065
2066
3873
2066
2067
2068
3872
3873
2068
2069
2070
3872
2070
2071
2072
3871
3872
2072
2073
2074
3871
2074
2075
2076
3871
2076
2077
2078
3870
3871
2078
2079
2080
3870
2080
2081
2082
3869
3870
2082
2083
2084
3869
2084
2085
2086
3869
2086
2087
2088
3868
2088
2089
2090
3868
2090
2091
2092
3867
3868
2092
2093
2094
3867
2094
2095
2096
3866
3867
2096
2097
2098
3866
2098
2099
2100
3866
2100
2101
2102
3865
3866
2102
2103
2104
3865
2104
2105
2106
3864
3865
2106
2107
2108
3864
2108
2109
2110
3864
2110
2111
2112
3863
2112
2113
2114
3863
2114
2115
2116
3862
3863
2116
2117
2118
3862
2118
2119
2120
3861
3862
2120
2121
2122
3861
2122
2123
2124
3861
2124
2125
2126
3860
3861
2126
2127
2128
3860
2128
2129
2130
3859
3860
2130
2131
2132
3859
2132
2133
2134
3859
2134
2135
2136
3858
2136
2137
2138
3858
2138
2139
2140
3857
3858
2140
2141
2142
3857
2142
2143
2144
3856
3857
2144
2145
2146
3856
2146
2147
2148
3856
2148
2149
2150
3855
3856
2150
2151
2152
3855
2152
2153
2154
3854
3855
2154
2155
2156
3854
2156
2157
2158
3854
2158
2159
2160
3853
2160
2161
2162
3853
2162
2163
2164
3852
3853
2164
2165
2166
3852
2166
2167
2168
3851
3852
2168
2169
2170
3851
2170
2171
2172
3851
2172
2173
2174
3850
3851
2174
2175
2176
3850
2176
2177
2178
3849
3850
2178
2179
2180
3849
2180
2181
2182
3849
2182
2183
2184
3848
2184
2185
2187
3848
2186
2191
2189
2192
2189
3848
2189
2190
2194
3848
2193
3848
2192
2194
2195
3530
3848
2195
2260
2263
3530
2197
3786
2198
3786
3787
2199
3787
2200
3787
3788
2201
3788
3789
2202
3789
2203
3789
3790
2204
3790
2205
3791
2206
3791
3792
2207
3792
2208
3792
3793
2209
3793
3794
2210
3794
2211
3794
3795
2212
3795
2213
3796
2214
3796
3797
2215
3797
2216
3797
3798
2217
3798
3799
2218
3799
2219
3799
3800
2220
3800
2221
3801
2222
3801
3802
2223
3802
2224
3802
3803
2225
3803
3804
2226
3804
2227
3804
3805
2228
3805
2229
3806
2230
3806
3807
2231
3807
2232
3807
3808
2233
3808
3809
2234
3809
2235
3809
3810
2236
3810
2237
3811
2238
3811
3812
2239
3812
2240
3812
3813
2241
3813
3814
2242
3814
2243
3814
3815
2244
3815
2245
3816
2246
3816
3817
2247
3817
2248
3817
3818
2249
3818
3819
2250
3819
2251
3819
3820
2252
3820
2253
3821
2254
3821
3822
2255
3822
2256
3822
3823
2257
3823
3824
2258
3824
2259
3824
3825
2422
3825
2262
2264
2262
2265
2266
3530
2263
3530
2265
2267
2267
2268
3196
3530
2268
2269
2270
3196
2270
2271
2274
3196
2274
2273
2275
2274
3196
3196
2276
3196
5394
2279
5394
2278
2280
5028
2279
5394
5394
2281
5028
2282
2283
5028
2283
2284
2285
4646
5028
2285
2286
2288
4646
2287
2291
2289
2292
2289
4646
2290
2293
4646
2292
2294
2294
4248
4646
2295
4248
2296
4248
2299
4248
2299
2299
2300
4247
2301
4247
2305
4247
4645
2304
2307
2304
2306
4645
2305
4645
2308
2309
4645
2308
2313
2310
4645
2311
5027
2312
2313
5027
2313
2314
5027
5393
2315
2319
5393
2316
2319
5393
2318
3195
2318
2321
2322
3195
2320
2321
2324
2323
2324
3195
2324
2327
3195
3529
2325
2327
2329
2327
2328
2330
3529
2331
3529
2330
2332
2332
3529
3847
2336
3847
2335
2338
2335
2337
3847
2336
3847
2339
2340
3847
2339
2342
2341
2342
3846
3847
2343
2344
3846
2343
2346
2345
2346
3845
2347
2348
3844
3845
2347
2350
2349
2350
3844
2351
2352
3843
3844
2351
2354
2353
2354
3842
3843
2355
2356
3842
2355
2358
2357
2358
3841
3842
2359
2360
3841
2359
2362
2361
2362
3840
2363
2364
3839
3840
2363
2366
2365
2366
3839
2367
2368
3838
3839
2367
2370
2369
2370
3837
3838
2371
2372
3837
2371
2374
2373
2374
3836
3837
2375
2376
3836
2375
2378
2377
2378
3835
2379
2380
3834
3835
2379
2382
2381
2382
3834
2383
2384
3833
3834
2383
2386
2385
2386
3832
3833
2387
2388
3832
2387
2390
2389
2390
3831
3832
2391
2407
3831
2391
2409
2393
2394
3172
3508
2395
2480
3172
2395
2403
3508
2404
2481
2397
2398
3508
3828
2399
2401
3508
2399
2415
3828
2405
2418
2402
2404
2405
2402
3508
2403
3508
2406
2406
2408
2409
3830
2410
2411
3829
3830
2410
2413
2412
2413
3829
2414
2417
3828
3829
2414
2419
2416
2418
3828
2417
2419
3828
2420
2420
2425
2430
3507
3827
2423
3826
2424
3826
3827
2426
3827
2428
3827
2427
3827
2428
3827
2431
2434
3171
3507
2432
2433
2435
2433
3507
3507
2435
2440
3171
2442
2437
2439
3171
5367
2443
2474
5367
2441
2442
2443
2441
3171
2441
3171
2444
2444
2446
2476
4615
4999
2449
4615
2448
2449
2463
4215
4615
4615
2451
2455
5000
2452
5368
2453
2480
2482
2454
5368
2480
3172
5368
2458
2459
5000
2457
2467
4616
2459
5000
2459
2471
5000
2462
2469
4216
4616
2462
2465
4216
2470
4216
2464
4215
2465
4215
4216
2468
2470
2471
2468
4616
2469
4616
2472
2472
2474
2475
4999
5367
2479
5367
2477
2479
2478
2478
4999
4999
2481
3172
2482
2484
3749
2485
3748
3749
2486
3748
2487
3747
3748
2488
3746
3747
2489
3746
2490
3745
3746
2491
3745
2492
3744
2493
3743
3744
2494
3743
2495
3742
3743
2496
3741
3742
2497
3741
2498
3740
3741
2499
3740
2500
3739
2501
3738
3739
2502
3738
2503
3737
3738
2504
3736
3737
2505
3736
2506
3735
3736
2507
3735
2508
3734
2509
3733
3734
2510
3733
2511
3732
3733
2512
3731
3732
2513
3731
2514
3730
3731
2515
3730
2516
3729
2517
3728
3729
2518
3728
2519
3727
3728
2520
3726
3727
2521
3726
2522
3725
3726
2523
3725
2524
3724
2525
3723
3724
2526
3723
2527
3722
3723
2528
3721
3722
2529
3721
2530
3720
3721
2531
3720
2532
3719
2533
3718
3719
2534
3718
2535
3717
3718
2536
3716
3717
2537
3716
2538
3715
3716
2539
3715
2540
3714
2541
3713
3714
2542
3713
2543
3712
3713
2544
3711
3712
2545
3711
2546
3710
3711
2682
3710
2548
2549
3662
2550
2550
2551
3662
2552
2552
2553
3662
3663
2554
2554
2555
3663
2556
2556
2557
3663
3664
2558
2558
2559
3664
2560
2560
2561
3664
2562
2562
2563
3664
3665
2564
2564
2565
3665
2566
2566
2567
3665
3666
2568
2568
2569
3666
2570
2570
2571
3666
2572
2572
2573
3667
2574
2574
2575
3667
2576
2576
2577
3667
3668
2578
2578
2579
3668
2580
2580
2581
3668
3669
2582
2582
2583
3669
2584
2584
2585
3669
2586
2586
2587
3669
3670
2588
2588
2589
3670
2590
2590
2591
3670
3671
2592
2592
2593
3671
2594
2594
2595
3671
2596
2596
2597
3672
2598
2598
2599
3672
2600
2600
2601
3672
3673
2602
2602
2603
3673
2604
2604
2605
3673
3674
2606
2606
2607
3674
2608
2608
2609
3674
2610
2610
2611
3674
3675
2612
2612
2613
3675
2614
2614
2615
3675
3676
2616
2616
2617
3676
2618
2618
2619
3676
2620
2620
2621
3677
2622
2622
2623
3677
2624
2624
2625
3677
3678
2626
2626
2627
3678
2628
2628
2629
3678
3679
2630
2630
2631
3679
2632
2632
2633
3679
2634
2634
2635
3679
3680
2636
2636
2637
3680
2638
2638
2639
3680
3681
2640
2640
2641
3681
2642
2642
2643
3681
2644
2644
2645
3682
2646
2646
2647
3682
2648
2648
2649
3682
3683
2650
2650
2651
3683
2652
2652
2653
3683
3684
2654
2654
2655
3684
2656
2656
2657
3684
2658
2658
2659
3684
3685
2660
2660
2661
3685
2662
2662
2663
3685
3686
2664
2664
2665
3686
2666
2666
2673
3686
2674
2670
2671
3359
3687
2669
2677
2678
2670
2672
3687
3687
2672
2869
3359
2680
2870
2674
2675
3687
2676
2676
2678
3687
2679
2679
2680
3687
2681
2681
2683
3709
2684
3708
3709
2686
3708
2686
2687
3708
2688
3708
2689
3708
2690
3382
3708
2692
2693
2694
2695
2693
3382
3382
2696
3040
3382
2696
2697
2700
3040
2698
2702
2701
2703
2701
2704
3040
2701
3040
2703
2705
2705
3040
5230
2706
5230
2707
2708
5230
2709
4856
5230
2709
2711
2712
2713
2712
4856
4856
2714
4466
4856
2717
4466
2716
2717
2718
4060
4466
4466
2720
4060
2720
2721
4059
4060
2722
4059
2723
2724
4059
2728
4059
4465
2725
2729
2727
2730
2727
2731
4465
2728
4465
2730
2733
2733
4465
4855
2733
2734
2734
4855
2735
4855
2736
4855
2737
5229
2738
2739
5229
2740
3039
5229
2740
2741
2742
2743
3039
2742
2745
2744
2745
3039
2746
3039
3381
2746
2747
2751
3381
2748
2752
2750
2753
2750
2754
3381
2751
3381
2753
2756
2755
2756
3381
2757
3381
3707
2757
2758
2760
3707
2760
2762
2760
2761
2763
3707
2764
3707
2763
2766
2765
2766
3706
3707
2767
2768
3706
2767
2770
2769
2770
3705
3706
2771
2772
3705
2771
2774
2773
2774
3704
2775
2776
3703
3704
2775
2778
2777
2778
3703
2779
2780
3702
3703
2779
2782
2781
2782
3701
3702
2783
2784
3701
2783
2786
2785
2786
3700
3701
2787
2788
3700
2787
2790
2789
2790
3699
2791
2792
3698
3699
2791
2794
2793
2794
3698
2795
2796
3697
3698
2795
2798
2797
2798
3696
3697
2799
2800
3696
2799
2802
2801
2802
3695
3696
2803
2804
3695
2803
2806
2805
2806
3694
2807
2808
3693
3694
2807
2810
2809
2810
3693
2811
2812
3692
3693
2811
2814
2813
2814
3691
3692
2815
2816
3691
2815
2818
2817
2818
3690
3691
2819
2893
3690
2819
2895
2821
2875
3015
5203
2824
5203
2823
2825
4827
2824
5203
5203
2826
4827
2832
2833
4827
2828
2831
2884
5204
2829
3016
2830
2885
2882
3016
2846
2884
5204
2833
2834
4435
4827
2835
2835
2839
4435
2842
2837
2841
4027
4435
2843
2859
4027
2840
2842
2843
2840
4435
2841
4435
2844
2844
2856
2860
4028
4436
2849
2850
4828
5204
2851
2852
4436
2850
2852
2857
2850
2851
4828
4828
2854
4436
2855
2857
2855
4436
2856
4436
2859
2863
4027
4027
2862
4028
2863
2863
4028
2865
2866
2868
3015
3359
2866
2873
3015
2871
2874
2868
2869
2870
2871
3359
3359
2872
2872
2874
2877
3015
2878
2876
2877
3015
2878
3015
2880
2889
3360
3688
2891
2901
3688
2882
2883
2887
3016
3360
2883
3016
2885
2890
2886
2886
2888
2890
3360
2889
2891
3360
2892
2892
2894
2895
3689
2896
2897
3688
3689
2896
2902
2899
2902
3688
2900
2903
2900
3688
2901
3688
2903
2905
5089
2906
3252
5090
2907
3253
5091
2908
3254
5092
2909
3255
5093
2910
3256
5094
2911
3257
5095
2912
3258
5096
2913
3259
5097
2914
3260
5098
2915
3261
5099
2916
3262
5100
2917
3263
5101
2918
3264
5102
2919
3265
5103
2920
3266
5104
2921
3267
5105
2922
3268
5106
2923
3269
5107
2924
3270
5108
2925
3271
5109
2926
3272
5110
2927
3273
5111
2928
3274
5112
2929
3275
5113
2930
3276
5114
2931
3277
5115
2932
3278
5116
2933
3279
5117
2934
3280
5118
2935
3281
5119
2936
3282
5120
2937
3283
5121
2938
3284
5122
2939
3285
5123
2940
3286
5124
2941
3287
5125
2942
3288
5126
2943
3289
5127
2944
3290
5128
2945
3291
5129
2946
3292
5130
2947
3293
5131
2948
3294
5132
2949
3295
5133
2950
3296
5134
2951
3297
5135
2952
3298
5136
2953
3299
5137
2954
3300
5138
2955
3301
5139
2956
3302
5140
2957
3303
5141
2958
3304
5142
2959
3305
5143
5144
2961
5147
2962
3306
5148
2963
3307
5149
2964
3308
5150
2965
3309
5151
2966
3310
5152
2967
3311
5153
2968
3312
5154
2969
3313
5155
2970
3314
5156
2971
3315
5157
2972
3316
5158
2973
3317
5159
2974
3318
5160
2975
3319
5161
2976
3320
5162
2977
3321
5163
2978
3322
5164
2979
3323
5165
2980
3324
5166
2981
3325
5167
2982
3326
5168
2983
3327
5169
2984
3328
5170
2985
3329
5171
2986
3330
5172
2987
3331
5173
2988
3332
5174
2989
3333
5175
2990
3334
5176
2991
3335
5177
2992
3336
5178
2993
3337
5179
2994
3338
5180
2995
3339
5181
2996
3340
5182
2997
3341
5183
2998
3342
5184
2999
3343
5185
3000
3344
5186
3001
3345
5187
3002
3346
5188
3003
3347
5189
3004
3348
5190
3005
3349
5191
3006
3350
5192
3007
3351
5193
3008
3352
5194
3009
3353
5195
3010
3354
5196
3011
3355
5197
3012
3356
5198
3013
3357
5199
3014
3358
5200
3015
3359
5201
5202
3017
5205
3018
3360
5206
3019
3361
5207
3020
3362
5208
3021
3363
5209
3022
3364
5210
3023
3365
5211
3024
3366
5212
3025
3367
5213
3026
3368
5214
3027
3369
5215
3028
3370
5216
3029
3371
5217
3030
3372
5218
3031
3373
5219
3032
3374
5220
3033
3375
5221
3034
3376
5222
3035
3377
5223
3036
3378
5224
3037
3379
5225
3038
3380
5226
3039
3381
5227
5228
3041
5231
3042
3382
5232
3043
3383
5233
3044
3384
5234
3045
3385
5235
3046
3386
5236
3047
3387
5237
3048
3388
5238
3049
3389
5239
3050
3390
5240
3051
3391
5241
3052
3392
5242
3053
3393
5243
3054
3394
5244
3055
3395
5245
3056
3396
5246
3057
3397
5247
3058
3398
5248
3059
3399
5249
3060
3400
5250
3061
3401
5251
3062
3402
5252
3063
3403
5253
3064
3404
5254
3065
3405
5255
3066
3406
5256
3067
3407
5257
3068
3408
5258
3069
3409
5259
3070
3410
5260
3071
3411
5261
3072
3412
5262
3073
3413
5263
3074
3414
5264
3075
3415
5265
3076
3416
5266
3077
3417
5267
3078
3418
5268
3079
3419
5269
3080
3420
5270
3081
3421
5271
3082
3422
5272
3083
3423
5273
3084
3424
5274
3085
3425
5275
3086
3426
5276
3087
3427
5277
3088
3428
5278
3089
3429
5279
3090
3430
5280
3091
3431
5281
3092
3432
5282
3093
3433
5283
3094
3434
5284
5285
3096
5288
3097
3435
5289
3098
3436
5290
3099
3437
5291
3100
3438
5292
3101
3439
5293
3102
3440
5294
3103
3441
5295
3104
3442
5296
3105
3443
5297
3106
3444
5298
3107
3445
5299
3108
3446
5300
3109
3447
5301
3110
3448
5302
3111
3449
5303
3112
3450
5304
3113
3451
5305
3114
3452
5306
3115
3453
5307
3116
3454
5308
5309
3118
5312
3119
3455
5313
3120
3456
5314
3121
3457
5315
3122
3458
5316
3123
3459
5317
3124
3460
5318
3125
3461
5319
3126
3462
5320
3127
3463
5321
3128
3464
5322
3129
3465
5323
3130
3466
5324
3131
3467
5325
3132
3468
5326
3133
3469
5327
3134
3470
5328
3135
3471
5329
3136
3472
5330
3137
3473
5331
3138
3474
5332
3139
3475
5333
3140
3476
5334
3141
3477
5335
3142
3478
5336
3143
3479
5337
3144
3480
5338
3145
3481
5339
3146
3482
5340
3147
3483
5341
3148
3484
5342
3149
3485
5343
3150
3486
5344
3151
3487
5345
3152
3488
5346
3153
3489
5347
3154
3490
5348
3155
3491
5349
3156
3492
5350
3157
3493
5351
3158
3494
5352
3159
3495
5353
3160
3496
5354
3161
3497
5355
3162
3498
5356
3163
3499
5357
3164
3500
5358
3165
3501
5359
3166
3502
5360
3167
3503
5361
3168
3504
5362
3169
3505
5363
3170
3506
5364
3171
3507
5365
5366
3173
5369
3174
3508
5370
3175
3509
5371
3176
3510
5372
3177
3511
5373
3178
3512
5374
3179
3513
5375
3180
3514
5376
3181
3515
5377
3182
3516
5378
3183
3517
5379
3184
3518
5380
3185
3519
5381
3186
3520
5382
3187
3521
5383
3188
3522
5384
3189
3523
5385
3190
3524
5386
3191
3525
5387
3192
3526
5388
3193
3527
5389
3194
3528
5390
3195
3529
5391
5392
3197
5395
3198
3530
5396
3199
3531
5397
3200
3532
5398
3201
3533
5399
3202
3534
5400
3203
3535
5401
3204
3536
5402
3205
3537
5403
3206
3538
5404
3207
3539
5405
3208
3540
5406
3209
3541
5407
3210
3542
5408
3211
3543
5409
3212
3544
5410
3213
3545
5411
3214
3546
5412
3215
3547
5413
3216
3548
5414
3217
3549
5415
3218
3550
5416
3219
3551
5417
3220
3552
5418
3221
3553
5419
3222
3554
5420
3223
3555
5421
3224
3556
5422
3225
3557
5423
3226
3558
5424
3227
3559
5425
3228
3560
5426
3229
3561
5427
3230
3562
5428
3231
3563
5429
3232
3564
5430
3233
3565
5431
3234
3566
5432
3235
3567
5433
3236
3568
5434
3237
3569
5435
3238
3570
5436
3239
3571
5437
3240
3572
5438
3241
3573
5439
3242
3574
5440
3243
3575
5441
3244
3576
5442
3245
3577
5443
3246
3578
5444
3247
3579
5445
3248
3580
5446
3249
3581
5447
3250
3582
5448
3251
3583
5449
5450
3253
3254
3584
3255
3585
3256
3586
3257
3587
3258
3588
3259
3589
3260
3590
3261
3591
3262
3592
3263
3593
3264
3594
3265
3595
3266
3596
3267
3597
3268
3598
3269
3599
3270
3600
3271
3601
3272
3602
3273
3603
3274
3604
3275
3605
3276
3606
3277
3607
3278
3608
3279
3609
3280
3610
3281
3611
3282
3612
3283
3613
3284
3614
3285
3615
3286
3616
3287
3617
3288
3618
3289
3619
3290
3620
3291
3621
3292
3622
3293
3623
3294
3624
3295
3625
3296
3626
3297
3627
3298
3628
3299
3629
3300
3630
3301
3631
3302
3632
3303
3633
3304
3634
3305
3635
3307
3308
3636
3309
3637
3310
3638
3311
3639
3312
3640
3313
3641
3314
3642
3315
3643
3316
3644
3317
3645
3318
3646
3319
3647
3320
3648
3321
3649
3322
3650
3323
3651
3324
3652
3325
3653
3326
3654
3327
3655
3328
3656
3329
3657
3330
3658
3331
3659
3332
3660
3333
3661
3334
3662
3335
3663
3336
3664
3337
3665
3338
3666
3339
3667
3340
3668
3341
3669
3342
3670
3343
3671
3344
3672
3345
3673
3346
3674
3347
3675
3348
3676
3349
3677
3350
3678
3351
3679
3352
3680
3353
3681
3354
3682
3355
3683
3356
3684
3357
3685
3358
3686
3359
3687
3361
3362
3688
3363
3689
3364
3690
3365
3691
3366
3692
3367
3693
3368
3694
3369
3695
3370
3696
3371
3697
3372
3698
3373
3699
3374
3700
3375
3701
3376
3702
3377
3703
3378
3704
3379
3705
3380
3706
3381
3707
3383
3384
3708
3385
3709
3386
3710
3387
3711
3388
3712
3389
3713
3390
3714
3391
3715
3392
3716
3393
3717
3394
3718
3395
3719
3396
3720
3397
3721
3398
3722
3399
3723
3400
3724
3401
3725
3402
3726
3403
3727
3404
3728
3405
3729
3406
3730
3407
3731
3408
3732
3409
3733
3410
3734
3411
3735
3412
3736
3413
3737
3414
3738
3415
3739
3416
3740
3417
3741
3418
3742
3419
3743
3420
3744
3421
3745
3422
3746
3423
3747
3424
3748
3425
3749
3426
3750
3427
3751
3428
3752
3429
3753
3430
3754
3431
3755
3432
3756
3433
3757
3434
3758
3436
3437
3759
3438
3760
3439
3761
3440
3762
3441
3763
3442
3764
3443
3765
3444
3766
3445
3767
3446
3768
3447
3769
3448
3770
3449
3771
3450
3772
3451
3773
3452
3774
3453
3775
3454
3776
3456
3457
3777
3458
3778
3459
3779
3460
3780
3461
3781
3462
3782
3463
3783
3464
3784
3465
3785
3466
3786
3467
3787
3468
3788
3469
3789
3470
3790
3471
3791
3472
3792
3473
3793
3474
3794
3475
3795
3476
3796
3477
3797
3478
3798
3479
3799
3480
3800
3481
3801
3482
3802
3483
3803
3484
3804
3485
3805
3486
3806
3487
3807
3488
3808
3489
3809
3490
3810
3491
3811
3492
3812
3493
3813
3494
3814
3495
3815
3496
3816
3497
3817
3498
3818
3499
3819
3500
3820
3501
3821
3502
3822
3503
3823
3504
3824
3505
3825
3506
3826
3507
3827
3509
3510
3828
3511
3829
3512
3830
3513
3831
3514
3832
3515
3833
3516
3834
3517
3835
3518
3836
3519
3837
3520
3838
3521
3839
3522
3840
3523
3841
3524
3842
3525
3843
3526
3844
3527
3845
3528
3846
3529
3847
3531
3532
3848
3533
3849
3534
3850
3535
3851
3536
3852
3537
3853
3538
3854
3539
3855
3540
3856
3541
3857
3542
3858
3543
3859
3544
3860
3545
3861
3546
3862
3547
3863
3548
3864
3549
3865
3550
3866
3551
3867
3552
3868
3553
3869
3554
3870
3555
3871
3556
3872
3557
3873
3558
3874
3559
3875
3560
3876
3561
3877
3562
3878
3563
3879
3564
3880
3565
3881
3566
3882
3567
3883
3568
3884
3569
3885
3570
3886
3571
3887
3572
3888
3573
3889
3574
3890
3575
3891
3576
3892
3577
3893
3578
3894
3579
3895
3580
3896
3581
3897
3582
3898
3583
3899
3585
3586
3587
3588
3589
3590
3591
3592
3593
3594
3595
3596
3597
3598
3599
3600
3601
3602
3603
3604
3605
3606
3607
3608
3609
3610
3611
3612
3613
3614
3615
3616
3617
3618
3619
3620
3621
3622
3623
3624
3625
3626
3627
3628
3629
3630
3631
3632
3633
3634
3635
3637
3638
3639
3640
3641
3642
3643
3644
3645
3646
3647
3648
3649
3650
3651
3652
3653
3654
3655
3656
3657
3658
3659
3660
3661
3662
3663
3664
3665
3666
3667
3668
3669
3670
3671
3672
3673
3674
3675
3676
3677
3678
3679
3680
3681
3682
3683
3684
3685
3686
3687
3689
3690
3691
3692
3693
3694
3695
3696
3697
3698
3699
3700
3701
3702
3703
3704
3705
3706
3707
3709
3710
3711
3712
3713
3714
3715
3716
3717
3718
3719
3720
3721
3722
3723
3724
3725
3726
3727
3728
3729
3730
3731
3732
3733
3734
3735
3736
3737
3738
3739
3740
3741
3742
3743
3744
3745
3746
3747
3748
3749
3750
3751
3752
3753
3754
3755
3756
3757
3758
3760
3761
3762
3763
3764
3765
3766
3767
3768
3769
3770
3771
3772
3773
3774
3775
3776
3778
3779
3780
3781
3782
3783
3784
3785
3786
3787
3788
3789
3790
3791
3792
3793
3794
3795
3796
3797
3798
3799
3800
3801
3802
3803
3804
3805
3806
3807
3808
3809
3810
3811
3812
3813
3814
3815
3816
3817
3818
3819
3820
3821
3822
3823
3824
3825
3826
3827
3829
3830
3831
3832
3833
3834
3835
3836
3837
3838
3839
3840
3841
3842
3843
3844
3845
3846
3847
3849
3850
3851
3852
3853
3854
3855
3856
3857
3858
3859
3860
3861
3862
3863
3864
3865
3866
3867
3868
3869
3870
3871
3872
3873
3874
3875
3876
3877
3878
3879
3880
3881
3882
3883
3884
3885
3886
3887
3888
3889
3890
3891
3892
3893
3894
3895
3896
3897
3898
3899
3901
4311
3902
4312
3903
4313
3904
4314
3905
4315
3906
4316
3907
4317
3908
4318
3909
4319
3910
4320
3911
4321
3912
4322
3913
4323
3914
4324
3915
4325
3916
4326
3917
4327
3918
4328
3919
4329
3920
4330
3921
4331
3922
4332
3923
4333
3924
4334
3925
4335
3926
4336
3927
4337
3928
4338
3929
4339
3930
4340
3931
4341
3932
4342
3933
4343
3934
4344
3935
4345
3936
4346
3937
4347
3938
4348
3939
4349
3940
4350
3941
4351
3942
4352
3943
4353
3944
4354
3945
4355
3946
4356
3947
4357
3948
4358
3949
4359
3950
4360
3951
4361
3952
4362
3953
4363
3954
4364
3955
4365
3956
4366
3957
4367
3958
4368
3959
4369
3960
4370
3961
4371
3962
4372
3963
4373
3964
3965
3966
4374
3967
4375
3968
4376
3969
4377
3970
4378
3971
4379
3972
4380
3973
4381
3974
4382
3975
4383
3976
4384
3977
4385
3978
4386
3979
4387
3980
4388
3981
4389
3982
4390
3983
4391
3984
4392
3985
4393
3986
4394
3987
4395
3988
4396
3989
4397
3990
4398
3991
4399
3992
4400
3993
4401
3994
4402
3995
4403
3996
4404
3997
4405
3998
4406
3999
4407
4000
4408
4001
4409
4002
4410
4003
4411
4004
4412
4005
4413
4006
4414
4007
4415
4008
4416
4009
4417
4010
4418
4011
4419
4012
4420
4013
4421
4014
4422
4015
4423
4016
4424
4017
4425
4018
4426
4019
4427
4020
4428
4021
4429
4022
4430
4023
4431
4024
4432
4025
4433
4026
4434
4027
4435
4028
4029
4030
4436
4031
4437
4032
4438
4033
4439
4034
4440
4035
4441
4036
4442
4037
4443
4038
4444
4039
4445
4040
4446
4041
4447
4042
4448
4043
4449
4044
4450
4045
4451
4046
4452
4047
4453
4048
4454
4049
4455
4050
4456
4051
4457
4052
4458
4053
4459
4054
4460
4055
4461
4056
4462
4057
4463
4058
4464
4059
4465
4060
4061
4062
4466
4063
4467
4064
4468
4065
4469
4066
4470
4067
4471
4068
4472
4069
4473
4070
4474
4071
4475
4072
4476
4073
4477
4074
4478
4075
4479
4076
4480
4077
4481
4078
4482
4079
4483
4080
4484
4081
4485
4082
4486
4083
4487
4084
4488
4085
4489
4086
4490
4087
4491
4088
4492
4089
4493
4090
4494
4091
4495
4092
4496
4093
4497
4094
4498
4095
4499
4096
4500
4097
4501
4098
4502
4099
4503
4100
4504
4101
4505
4102
4506
4103
4507
4104
4508
4105
4509
4106
4510
4107
4511
4108
4512
4109
4513
4110
4514
4111
4515
4112
4516
4113
4517
4114
4518
4115
4519
4116
4520
4117
4521
4118
4522
4119
4523
4120
4524
4121
4525
4122
4526
4124
4125
4527
4126
4528
4127
4529
4128
4530
4129
4531
4130
4532
4131
4533
4132
4534
4133
4535
4134
4536
4135
4537
4136
4538
4137
4539
4138
4540
4139
4541
4140
4542
4141
4543
4142
4544
4143
4545
4144
4546
4145
4547
4146
4548
4147
4549
4148
4550
4149
4551
4150
4552
4151
4553
4152
4554
4154
4155
4555
4156
4556
4157
4557
4158
4558
4159
4559
4160
4560
4161
4561
4162
4562
4163
4563
4164
4564
4165
4565
4166
4566
4167
4567
4168
4568
4169
4569
4170
4570
4171
4571
4172
4572
4173
4573
4174
4574
4175
4575
4176
4576
4177
4577
4178
4578
4179
4579
4180
4580
4181
4581
4182
4582
4183
4583
4184
4584
4185
4585
4186
4586
4187
4587
4188
4588
4189
4589
4190
4590
4191
4591
4192
4592
4193
4593
4194
4594
4195
4595
4196
4596
4197
4597
4198
4598
4199
4599
4200
4600
4201
4601
4202
4602
4203
4603
4204
4604
4205
4605
4206
4606
4207
4607
4208
4608
4209
4609
4210
4610
4211
4611
4212
4612
4213
4613
4214
4614
4215
4615
4216
4217
4218
4616
4219
4617
4220
4618
4221
4619
4222
4620
4223
4621
4224
4622
4225
4623
4226
4624
4227
4625
4228
4626
4229
4627
4230
4628
4231
4629
4232
4630
4233
4631
4234
4632
4235
4633
4236
4634
4237
4635
4238
4636
4239
4637
4240
4638
4241
4639
4242
4640
4243
4641
4244
4642
4245
4643
4246
4644
4247
4645
4248
4249
4250
4646
4251
4647
4252
4648
4253
4649
4254
4650
4255
4651
4256
4652
4257
4653
4258
4654
4259
4655
4260
4656
4261
4657
4262
4658
4263
4659
4264
4660
4265
4661
4266
4662
4267
4663
4268
4664
4269
4665
4270
4666
4271
4667
4272
4668
4273
4669
4274
4670
4275
4671
4276
4672
4277
4673
4278
4674
4279
4675
4280
4676
4281
4677
4282
4678
4283
4679
4284
4680
4285
4681
4286
4682
4287
4683
4288
4684
4289
4685
4290
4686
4291
4687
4292
4688
4293
4689
4294
4690
4295
4691
4296
4692
4297
4693
4298
4694
4299
4695
4300
4696
4301
4697
4302
4698
4303
4699
4304
4700
4305
4701
4306
4702
4307
4703
4308
4704
4309
4705
4310
4706
4311
4707
4313
4314
4708
4315
4709
4316
4710
4317
4711
4318
4712
4319
4713
4320
4714
4321
4715
4322
4716
4323
4717
4324
4718
4325
4719
4326
4720
4327
4721
4328
4722
4329
4723
4330
4724
4331
4725
4332
4726
4333
4727
4334
4728
4335
4729
4336
4730
4337
4731
4338
4732
4339
4733
4340
4734
4341
4735
4342
4736
4343
4737
4344
4738
4345
4739
4346
4740
4347
4741
4348
4742
4349
4743
4350
4744
4351
4745
4352
4746
4353
4747
4354
4748
4355
4749
4356
4750
4357
4751
4358
4752
4359
4753
4360
4754
4361
4755
4362
4756
4363
4757
4364
4758
4365
4759
4366
4760
4367
4761
4368
4762
4369
4763
4370
4764
4371
4765
4372
4766
4373
4767
4375
4376
4768
4377
4769
4378
4770
4379
4771
4380
4772
4381
4773
4382
4774
4383
4775
4384
4776
4385
4777
4386
4778
4387
4779
4388
4780
4389
4781
4390
4782
4391
4783
4392
4784
4393
4785
4394
4786
4395
4787
4396
4788
4397
4789
4398
4790
4399
4791
4400
4792
4401
4793
4402
4794
4403
4795
4404
4796
4405
4797
4406
4798
4407
4799
4408
4800
4409
4801
4410
4802
4411
4803
4412
4804
4413
4805
4414
4806
4415
4807
4416
4808
4417
4809
4418
4810
4419
4811
4420
4812
4421
4813
4422
4814
4423
4815
4424
4816
4425
4817
4426
4818
4427
4819
4428
4820
4429
4821
4430
4822
4431
4823
4432
4824
4433
4825
4434
4826
4435
4827
4437
4438
4828
4439
4829
4440
4830
4441
4831
4442
4832
4443
4833
4444
4834
4445
4835
4446
4836
4447
4837
4448
4838
4449
4839
4450
4840
4451
4841
4452
4842
4453
4843
4454
4844
4455
4845
4456
4846
4457
4847
4458
4848
4459
4849
4460
4850
4461
4851
4462
4852
4463
4853
4464
4854
4465
4855
4467
4468
4856
4469
4857
4470
4858
4471
4859
4472
4860
4473
4861
4474
4862
4475
4863
4476
4864
4477
4865
4478
4866
4479
4867
4480
4868
4481
4869
4482
4870
4483
4871
4484
4872
4485
4873
4486
4874
4487
4875
4488
4876
4489
4877
4490
4878
4491
4879
4492
4880
4493
4881
4494
4882
4495
4883
4496
4884
4497
4885
4498
4886
4499
4887
4500
4888
4501
4889
4502
4890
4503
4891
4504
4892
4505
4893
4506
4894
4507
4895
4508
4896
4509
4897
4510
4898
4511
4899
4512
4900
4513
4901
4514
4902
4515
4903
4516
4904
4517
4905
4518
4906
4519
4907
4520
4908
4521
4909
4522
4910
4523
4911
4524
4912
4525
4913
4526
4914
4528
4529
4915
4530
4916
4531
4917
4532
4918
4533
4919
4534
4920
4535
4921
4536
4922
4537
4923
4538
4924
4539
4925
4540
4926
4541
4927
4542
4928
4543
4929
4544
4930
4545
4931
4546
4932
4547
4933
4548
4934
4549
4935
4550
4936
4551
4937
4552
4938
4553
4939
4554
4940
4556
4557
4941
4558
4942
4559
4943
4560
4944
4561
4945
4562
4946
4563
4947
4564
4948
4565
4949
4566
4950
4567
4951
4568
4952
4569
4953
4570
4954
4571
4955
4572
4956
4573
4957
4574
4958
4575
4959
4576
4960
4577
4961
4578
4962
4579
4963
4580
4964
4581
4965
4582
4966
4583
4967
4584
4968
4585
4969
4586
4970
4587
4971
4588
4972
4589
4973
4590
4974
4591
4975
4592
4976
4593
4977
4594
4978
4595
4979
4596
4980
4597
4981
4598
4982
4599
4983
4600
4984
4601
4985
4602
4986
4603
4987
4604
4988
4605
4989
4606
4990
4607
4991
4608
4992
4609
4993
4610
4994
4611
4995
4612
4996
4613
4997
4614
4998
4615
4999
4617
4618
5000
4619
5001
4620
5002
4621
5003
4622
5004
4623
5005
4624
5006
4625
5007
4626
5008
4627
5009
4628
5010
4629
5011
4630
5012
4631
5013
4632
5014
4633
5015
4634
5016
4635
5017
4636
5018
4637
5019
4638
5020
4639
5021
4640
5022
4641
5023
4642
5024
4643
5025
4644
5026
4645
5027
4647
4648
5028
4649
5029
4650
5030
4651
5031
4652
5032
4653
5033
4654
5034
4655
5035
4656
5036
4657
5037
4658
5038
4659
5039
4660
5040
4661
5041
4662
5042
4663
5043
4664
5044
4665
5045
4666
5046
4667
5047
4668
5048
4669
5049
4670
5050
4671
5051
4672
5052
4673
5053
4674
5054
4675
5055
4676
5056
4677
5057
4678
5058
4679
5059
4680
5060
4681
5061
4682
5062
4683
5063
4684
5064
4685
5065
4686
5066
4687
5067
4688
5068
4689
5069
4690
5070
4691
5071
4692
5072
4693
5073
4694
5074
4695
5075
4696
5076
4697
5077
4698
5078
4699
5079
4700
5080
4701
5081
4702
5082
4703
5083
4704
5084
4705
5085
4706
5086
4707
5087
4709
4710
5088
4711
5089
4712
5090
4713
5091
4714
5092
4715
5093
4716
5094
4717
5095
4718
5096
4719
5097
4720
5098
4721
5099
4722
5100
4723
5101
4724
5102
4725
5103
4726
5104
4727
5105
4728
5106
4729
5107
4730
5108
4731
5109
4732
5110
4733
5111
4734
5112
4735
5113
4736
5114
4737
5115
4738
5116
4739
5117
4740
5118
4741
5119
4742
5120
4743
5121
4744
5122
4745
5123
4746
5124
4747
5125
4748
5126
4749
5127
4750
5128
4751
5129
4752
5130
4753
5131
4754
5132
4755
5133
4756
5134
4757
5135
4758
5136
4759
5137
4760
5138
4761
5139
4762
5140
4763
5141
4764
5142
4765
5143
4766
5144
4767
5145
4769
4770
5146
4771
5147
4772
5148
4773
5149
4774
5150
4775
5151
4776
5152
4777
5153
4778
5154
4779
5155
4780
5156
4781
5157
4782
5158
4783
5159
4784
5160
4785
5161
4786
5162
4787
5163
4788
5164
4789
5165
4790
5166
4791
5167
4792
5168
4793
5169
4794
5170
4795
5171
4796
5172
4797
5173
4798
5174
4799
5175
4800
5176
4801
5177
4802
5178
4803
5179
4804
5180
4805
5181
4806
5182
4807
5183
4808
5184
4809
5185
4810
5186
4811
5187
4812
5188
4813
5189
4814
5190
4815
5191
4816
5192
4817
5193
4818
5194
4819
5195
4820
5196
4821
5197
4822
5198
4823
5199
4824
5200
4825
5201
4826
5202
4827
5203
4829
4830
5204
4831
5205
4832
5206
4833
5207
4834
5208
4835
5209
4836
5210
4837
5211
4838
5212
4839
5213
4840
5214
4841
5215
4842
5216
4843
5217
4844
5218
4845
5219
4846
5220
4847
5221
4848
5222
4849
5223
4850
5224
4851
5225
4852
5226
4853
5227
4854
5228
4855
5229
4857
4858
5230
4859
5231
4860
5232
4861
5233
4862
5234
4863
5235
4864
5236
4865
5237
4866
5238
4867
5239
4868
5240
4869
5241
4870
5242
4871
5243
4872
5244
4873
5245
4874
5246
4875
5247
4876
5248
4877
5249
4878
5250
4879
5251
4880
5252
4881
5253
4882
5254
4883
5255
4884
5256
4885
5257
4886
5258
4887
5259
4888
5260
4889
5261
4890
5262
4891
5263
4892
5264
4893
5265
4894
5266
4895
5267
4896
5268
4897
5269
4898
5270
4899
5271
4900
5272
4901
5273
4902
5274
4903
5275
4904
5276
4905
5277
4906
5278
4907
5279
4908
5280
4909
5281
4910
5282
4911
5283
4912
5284
4913
5285
4914
5286
4916
4917
5287
4918
5288
4919
5289
4920
5290
4921
5291
4922
5292
4923
5293
4924
5294
4925
5295
4926
5296
4927
5297
4928
5298
4929
5299
4930
5300
4931
5301
4932
5302
4933
5303
4934
5304
4935
5305
4936
5306
4937
5307
4938
5308
4939
5309
4940
5310
4942
4943
5311
4944
5312
4945
5313
4946
5314
4947
5315
4948
5316
4949
5317
4950
5318
4951
5319
4952
5320
4953
5321
4954
5322
4955
5323
4956
5324
4957
5325
4958
5326
4959
5327
4960
5328
4961
5329
4962
5330
4963
5331
4964
5332
4965
5333
4966
5334
4967
5335
4968
5336
4969
5337
4970
5338
4971
5339
4972
5340
4973
5341
4974
5342
4975
5343
4976
5344
4977
5345
4978
5346
4979
5347
4980
5348
4981
5349
4982
5350
4983
5351
4984
5352
4985
5353
4986
5354
4987
5355
4988
5356
4989
5357
4990
5358
4991
5359
4992
5360
4993
5361
4994
5362
4995
5363
4996
5364
4997
5365
4998
5366
4999
5367
5001
5002
5368
5003
5369
5004
5370
5005
5371
5006
5372
5007
5373
5008
5374
5009
5375
5010
5376
5011
5377
5012
5378
5013
5379
5014
5380
5015
5381
5016
5382
5017
5383
5018
5384
5019
5385
5020
5386
5021
5387
5022
5388
5023
5389
5024
5390
5025
5391
5026
5392
5027
5393
5029
5030
5394
5031
5395
5032
5396
5033
5397
5034
5398
5035
5399
5036
5400
5037
5401
5038
5402
5039
5403
5040
5404
5041
5405
5042
5406
5043
5407
5044
5408
5045
5409
5046
5410
5047
5411
5048
5412
5049
5413
5050
5414
5051
5415
5052
5416
5053
5417
5054
5418
5055
5419
5056
5420
5057
5421
5058
5422
5059
5423
5060
5424
5061
5425
5062
5426
5063
5427
5064
5428
5065
5429
5066
5430
5067
5431
5068
5432
5069
5433
5070
5434
5071
5435
5072
5436
5073
5437
5074
5438
5075
5439
5076
5440
5077
5441
5078
5442
5079
5443
5080
5444
5081
5445
5082
5446
5083
5447
5084
5448
5085
5449
5086
5450
5087
5451
5089
5090
5091
5092
5093
5094
5095
5096
5097
5098
5099
5100
5101
5102
5103
5104
5105
5106
5107
5108
5109
5110
5111
5112
5113
5114
5115
5116
5117
5118
5119
5120
5121
5122
5123
5124
5125
5126
5127
5128
5129
5130
5131
5132
5133
5134
5135
5136
5137
5138
5139
5140
5141
5142
5143
5144
5145
5147
5148
5149
5150
5151
5152
5153
5154
5155
5156
5157
5158
5159
5160
5161
5162
5163
5164
5165
5166
5167
5168
5169
5170
5171
5172
5173
5174
5175
5176
5177
5178
5179
5180
5181
5182
5183
5184
5185
5186
5187
5188
5189
5190
5191
5192
5193
5194
5195
5196
5197
5198
5199
5200
5201
5202
5203
5205
5206
5207
5208
5209
5210
5211
5212
5213
5214
5215
5216
5217
5218
5219
5220
5221
5222
5223
5224
5225
5226
5227
5228
5229
5231
5232
5233
5234
5235
5236
5237
5238
5239
5240
5241
5242
5243
5244
5245
5246
5247
5248
5249
5250
5251
5252
5253
5254
5255
5256
5257
5258
5259
5260
5261
5262
5263
5264
5265
5266
5267
5268
5269
5270
5271
5272
5273
5274
5275
5276
5277
5278
5279
5280
5281
5282
5283
5284
5285
5286
5288
5289
5290
5291
5292
5293
5294
5295
5296
5297
5298
5299
5300
5301
5302
5303
5304
5305
5306
5307
5308
5309
5310
5312
5313
5314
5315
5316
5317
5318
5319
5320
5321
5322
5323
5324
5325
5326
5327
5328
5329
5330
5331
5332
5333
5334
5335
5336
5337
5338
5339
5340
5341
5342
5343
5344
5345
5346
5347
5348
5349
5350
5351
5352
5353
5354
5355
5356
5357
5358
5359
5360
5361
5362
5363
5364
5365
5366
5367
5369
5370
5371
5372
5373
5374
5375
5376
5377
5378
5379
5380
5381
5382
5383
5384
5385
5386
5387
5388
5389
5390
5391
5392
5393
5395
5396
5397
5398
5399
5400
5401
5402
5403
5404
5405
5406
5407
5408
5409
5410
5411
5412
5413
5414
5415
5416
5417
5418
5419
5420
5421
5422
5423
5424
5425
5426
5427
5428
5429
5430
5431
5432
5433
5434
5435
5436
5437
5438
5439
5440
5441
5442
5443
5444
5445
5446
5447
5448
5449
5450
5451
)
